(0, 0.00014946952252178927)
(1, 0.00014969382019596408)
(2, 0.00014991830453841464)
(3, 0.0001501429753797679)
(4, 0.00015036783254983706)
(5, 0.00015059287587762082)
(6, 0.00015081810519130325)
(7, 0.00015104352031825266)
(8, 0.0001512691210850217)
(9, 0.00015149490731734624)
(10, 0.00015172087884014545)
(11, 0.00015194703547752073)
(12, 0.00015217337705275558)
(13, 0.00015239990338831487)
(14, 0.00015262661430584447)
(15, 0.00015285350962617063)
(16, 0.00015308058916929957)
(17, 0.00015330785275441685)
(18, 0.00015353530019988714)
(19, 0.00015376293132325332)
(20, 0.00015399074594123658)
(21, 0.0001542187438697351)
(22, 0.0001544469249238245)
(23, 0.0001546752889177566)
(24, 0.0001549038356649595)
(25, 0.00015513256497803662)
(26, 0.00015536147666876668)
(27, 0.00015559057054810295)
(28, 0.0001558198464261729)
(29, 0.0001560493041122776)
(30, 0.00015627894341489152)
(31, 0.00015650876414166184)
(32, 0.00015673876609940824)
(33, 0.00015696894909412217)
(34, 0.0001571993129309666)
(35, 0.00015742985741427554)
(36, 0.0001576605823475537)
(37, 0.00015789148753347579)
(38, 0.00015812257277388641)
(39, 0.00015835383786979944)
(40, 0.0001585852826213977)
(41, 0.00015881690682803236)
(42, 0.000159048710288223)
(43, 0.0001592806927996564)
(44, 0.0001595128541591871)
(45, 0.00015974519416283616)
(46, 0.00015997771260579127)
(47, 0.000160210409282406)
(48, 0.0001604432839861999)
(49, 0.00016067633650985766)
(50, 0.00016090956664522885)
(51, 0.0001611429741833276)
(52, 0.00016137655891433224)
(53, 0.00016161032062758478)
(54, 0.00016184425911159082)
(55, 0.00016207837415401882)
(56, 0.0001623126655417001)
(57, 0.00016254713306062816)
(58, 0.00016278177649595851)
(59, 0.00016301659563200838)
(60, 0.00016325159025225633)
(61, 0.00016348676013934154)
(62, 0.00016372210507506406)
(63, 0.00016395762484038413)
(64, 0.00016419331921542198)
(65, 0.00016442918797945737)
(66, 0.00016466523091092928)
(67, 0.00016490144778743564)
(68, 0.00016513783838573333)
(69, 0.00016537440248173713)
(70, 0.00016561113985052005)
(71, 0.00016584805026631272)
(72, 0.0001660851335025034)
(73, 0.00016632238933163708)
(74, 0.000166559817525416)
(75, 0.0001667974178546985)
(76, 0.00016703519008949948)
(77, 0.00016727313399898957)
(78, 0.0001675112493514953)
(79, 0.0001677495359144984)
(80, 0.0001679879934546358)
(81, 0.00016822662173769927)
(82, 0.00016846542052863526)
(83, 0.0001687043895915444)
(84, 0.00016894352868968162)
(85, 0.00016918283758545543)
(86, 0.0001694223160404281)
(87, 0.00016966196381531514)
(88, 0.00016990178066998525)
(89, 0.00017014176636345976)
(90, 0.000170381920653913)
(91, 0.00017062224329867138)
(92, 0.00017086273405421358)
(93, 0.0001711033926761702)
(94, 0.00017134421891932373)
(95, 0.00017158521253760788)
(96, 0.000171826373284108)
(97, 0.00017206770091106023)
(98, 0.00017230919516985198)
(99, 0.0001725508558110209)
(100, 0.00017279268258425565)
(101, 0.0001730346752383948)
(102, 0.0001732768335214273)
(103, 0.00017351915718049192)
(104, 0.0001737616459618774)
(105, 0.00017400429961102182)
(106, 0.00017424711787251295)
(107, 0.00017449010049008754)
(108, 0.00017473324720663184)
(109, 0.00017497655776418063)
(110, 0.00017522003190391784)
(111, 0.00017546366936617574)
(112, 0.00017570746989043542)
(113, 0.00017595143321532606)
(114, 0.00017619555907862528)
(115, 0.00017643984721725858)
(116, 0.00017668429736729957)
(117, 0.00017692890926396967)
(118, 0.00017717368264163807)
(119, 0.00017741861723382133)
(120, 0.00017766371277318387)
(121, 0.00017790896899153708)
(122, 0.00017815438561984)
(123, 0.00017839996238819858)
(124, 0.00017864569902586595)
(125, 0.0001788915952612423)
(126, 0.0001791376508218745)
(127, 0.00017938386543445652)
(128, 0.0001796302388248288)
(129, 0.00017987677071797873)
(130, 0.00018012346083803984)
(131, 0.00018037030890829275)
(132, 0.00018061731465116414)
(133, 0.00018086447778822715)
(134, 0.00018111179804020135)
(135, 0.00018135927512695266)
(136, 0.000181606908767493)
(137, 0.00018185469867998082)
(138, 0.00018210264458172048)
(139, 0.00018235074618916267)
(140, 0.00018259900321790398)
(141, 0.0001828474153826873)
(142, 0.0001830959823974014)
(143, 0.00018334470397508127)
(144, 0.00018359357982790776)
(145, 0.00018384260966720786)
(146, 0.00018409179320345458)
(147, 0.00018434113014626684)
(148, 0.00018459062020440969)
(149, 0.00018484026308579425)
(150, 0.00018509005849747756)
(151, 0.00018534000614566285)
(152, 0.00018559010573569935)
(153, 0.00018584035697208245)
(154, 0.00018609075955845365)
(155, 0.00018634131319760074)
(156, 0.00018659201759145755)
(157, 0.00018684287244110436)
(158, 0.00018709387744676758)
(159, 0.00018734503230782016)
(160, 0.0001875963367227813)
(161, 0.0001878477903893169)
(162, 0.00018809939300423913)
(163, 0.00018835114426350702)
(164, 0.00018860304386222608)
(165, 0.00018885509149464878)
(166, 0.00018910728685417436)
(167, 0.00018935962963334896)
(168, 0.0001896121195238658)
(169, 0.00018986475621656515)
(170, 0.00019011753940143466)
(171, 0.00019037046876760918)
(172, 0.00019062354400337095)
(173, 0.00019087676479615)
(174, 0.0001911301308325238)
(175, 0.00019138364179821762)
(176, 0.00019163729737810482)
(177, 0.00019189109725620667)
(178, 0.00019214504111569262)
(179, 0.00019239912863888058)
(180, 0.0001926533595072367)
(181, 0.0001929077334013761)
(182, 0.00019316225000106226)
(183, 0.00019341690898520792)
(184, 0.00019367171003187474)
(185, 0.00019392665281827375)
(186, 0.00019418173702076517)
(187, 0.0001944369623148592)
(188, 0.0001946923283752156)
(189, 0.00019494783487564407)
(190, 0.00019520348148910455)
(191, 0.00019545926788770736)
(192, 0.0001957151937427133)
(193, 0.000195971258724534)
(194, 0.0001962274625027319)
(195, 0.00019648380474602092)
(196, 0.00019674028512226596)
(197, 0.00019699690329848398)
(198, 0.00019725365894084334)
(199, 0.00019751055171466486)
(200, 0.0001977675812844213)
(201, 0.00019802474731373828)
(202, 0.00019828204946539395)
(203, 0.00019853948740131976)
(204, 0.0001987970607826001)
(205, 0.00019905476926947326)
(206, 0.00019931261252133098)
(207, 0.00019957059019671947)
(208, 0.0001998287019533389)
(209, 0.00020008694744804432)
(210, 0.00020034532633684556)
(211, 0.00020060383827490768)
(212, 0.00020086248291655102)
(213, 0.0002011212599152521)
(214, 0.00020138016892364309)
(215, 0.00020163920959351272)
(216, 0.00020189838157580632)
(217, 0.00020215768452062636)
(218, 0.00020241711807723238)
(219, 0.00020267668189404177)
(220, 0.00020293637561862968)
(221, 0.00020319619889772975)
(222, 0.00020345615137723393)
(223, 0.00020371623270219348)
(224, 0.00020397644251681873)
(225, 0.00020423678046447972)
(226, 0.00020449724618770652)
(227, 0.0002047578393281896)
(228, 0.00020501855952677998)
(229, 0.00020527940642349005)
(230, 0.00020554037965749334)
(231, 0.0002058014788671256)
(232, 0.00020606270368988443)
(233, 0.00020632405376243038)
(234, 0.00020658552872058678)
(235, 0.00020684712819934046)
(236, 0.00020710885183284199)
(237, 0.00020737069925440624)
(238, 0.00020763267009651256)
(239, 0.00020789476399080554)
(240, 0.00020815698056809496)
(241, 0.0002084193194583568)
(242, 0.00020868178029073294)
(243, 0.00020894436269353235)
(244, 0.00020920706629423106)
(245, 0.00020946989071947265)
(246, 0.00020973283559506888)
(247, 0.00020999590054599998)
(248, 0.0002102590851964151)
(249, 0.000210522389169633)
(250, 0.00021078581208814208)
(251, 0.0002110493535736014)
(252, 0.00021131301324684075)
(253, 0.00021157679072786114)
(254, 0.00021184068563583568)
(255, 0.00021210469758910948)
(256, 0.00021236882620520074)
(257, 0.00021263307110080073)
(258, 0.00021289743189177476)
(259, 0.0002131619081931622)
(260, 0.0002134264996191775)
(261, 0.00021369120578321028)
(262, 0.00021395602629782618)
(263, 0.0002142209607747671)
(264, 0.00021448600882495214)
(265, 0.00021475117005847748)
(266, 0.0002150164440846178)
(267, 0.00021528183051182582)
(268, 0.0002155473289477339)
(269, 0.00021581293899915367)
(270, 0.00021607866027207727)
(271, 0.00021634449237167743)
(272, 0.0002166104349023085)
(273, 0.00021687648746750662)
(274, 0.00021714264966999052)
(275, 0.00021740892111166195)
(276, 0.00021767530139360662)
(277, 0.00021794179011609422)
(278, 0.00021820838687857975)
(279, 0.00021847509127970324)
(280, 0.00021874190291729136)
(281, 0.000219008821388357)
(282, 0.00021927584628910092)
(283, 0.00021954297721491148)
(284, 0.0002198102137603659)
(285, 0.0002200775555192304)
(286, 0.00022034500208446145)
(287, 0.00022061255304820556)
(288, 0.00022088020800180094)
(289, 0.00022114796653577724)
(290, 0.00022141582823985686)
(291, 0.0002216837927029551)
(292, 0.0002219518595131814)
(293, 0.00022222002825783934)
(294, 0.00022248829852342808)
(295, 0.0002227566698956422)
(296, 0.00022302514195937317)
(297, 0.0002232937142987095)
(298, 0.00022356238649693774)
(299, 0.000223831158136543)
(300, 0.00022410002879920984)
(301, 0.00022436899806582271)
(302, 0.000224638065516467)
(303, 0.0002249072307304294)
(304, 0.00022517649328619913)
(305, 0.00022544585276146792)
(306, 0.00022571530873313157)
(307, 0.00022598486077729011)
(308, 0.00022625450846924886)
(309, 0.00022652425138351896)
(310, 0.00022679408909381823)
(311, 0.00022706402117307197)
(312, 0.00022733404719341377)
(313, 0.00022760416672618593)
(314, 0.0002278743793419408)
(315, 0.0002281446846104411)
(316, 0.0002284150821006609)
(317, 0.00022868557138078626)
(318, 0.0002289561520182164)
(319, 0.00022922682357956394)
(320, 0.00022949758563065625)
(321, 0.00022976843773653575)
(322, 0.00023003937946146133)
(323, 0.00023031041036890846)
(324, 0.00023058153002157057)
(325, 0.0002308527379813597)
(326, 0.00023112403380940724)
(327, 0.00023139541706606486)
(328, 0.00023166688731090542)
(329, 0.00023193844410272362)
(330, 0.00023221008699953708)
(331, 0.00023248181555858696)
(332, 0.00023275362933633919)
(333, 0.0002330255278884847)
(334, 0.00023329751076994117)
(335, 0.00023356957753485302)
(336, 0.00023384172773659303)
(337, 0.00023411396092776256)
(338, 0.0002343862766601932)
(339, 0.0002346586744849468)
(340, 0.0002349311539523171)
(341, 0.00023520371461183037)
(342, 0.00023547635601224622)
(343, 0.0002357490777015586)
(344, 0.0002360218792269967)
(345, 0.00023629476013502598)
(346, 0.0002365677199713491)
(347, 0.00023684075828090653)
(348, 0.000237113874607878)
(349, 0.00023738706849568298)
(350, 0.00023766033948698212)
(351, 0.00023793368712367758)
(352, 0.00023820711094691462)
(353, 0.00023848061049708204)
(354, 0.00023875418531381368)
(355, 0.00023902783493598884)
(356, 0.00023930155890173368)
(357, 0.000239575356748422)
(358, 0.0002398492280126763)
(359, 0.00024012317223036868)
(360, 0.00024039718893662215)
(361, 0.0002406712776658111)
(362, 0.00024094543795156282)
(363, 0.00024121966932675825)
(364, 0.00024149397132353299)
(365, 0.00024176834347327853)
(366, 0.00024204278530664294)
(367, 0.00024231729635353238)
(368, 0.00024259187614311157)
(369, 0.00024286652420380542)
(370, 0.00024314124006329948)
(371, 0.0002434160232485414)
(372, 0.00024369087328574222)
(373, 0.0002439657897003765)
(374, 0.0002442407720171845)
(375, 0.00024451581976017245)
(376, 0.0002447909324526141)
(377, 0.0002450661096170515)
(378, 0.0002453413507752962)
(379, 0.00024561665544843054)
(380, 0.00024589202315680823)
(381, 0.0002461674534200562)
(382, 0.000246442945757075)
(383, 0.00024671849968604026)
(384, 0.0002469941147244036)
(385, 0.0002472697903888944)
(386, 0.00024754552619551994)
(387, 0.00024782132165956705)
(388, 0.00024809717629560346)
(389, 0.00024837308961747867)
(390, 0.0002486490611383249)
(391, 0.00024892509037055874)
(392, 0.00024920117682588174)
(393, 0.00024947732001528213)
(394, 0.0002497535194490355)
(395, 0.0002500297746367064)
(396, 0.0002503060850871492)
(397, 0.0002505824503085093)
(398, 0.00025085886980822454)
(399, 0.0002511353430930261)
(400, 0.00025141186966893994)
(401, 0.00025168844904128784)
(402, 0.0002519650807146886)
(403, 0.0002522417641930595)
(404, 0.0002525184989796171)
(405, 0.0002527952845768788)
(406, 0.000253072120486664)
(407, 0.00025334900621009514)
(408, 0.0002536259412475991)
(409, 0.00025390292509890847)
(410, 0.00025417995726306265)
(411, 0.00025445703723840933)
(412, 0.0002547341645226053)
(413, 0.00025501133861261833)
(414, 0.00025528855900472776)
(415, 0.00025556582519452645)
(416, 0.0002558431366769214)
(417, 0.0002561204929461357)
(418, 0.000256397893495709)
(419, 0.0002566753378184996)
(420, 0.0002569528254066853)
(421, 0.0002572303557517646)
(422, 0.0002575079283445583)
(423, 0.00025778554267521093)
(424, 0.00025806319823319136)
(425, 0.000258340894507295)
(426, 0.0002586186309856443)
(427, 0.0002588964071556909)
(428, 0.00025917422250421604)
(429, 0.0002594520765173329)
(430, 0.00025972996868048705)
(431, 0.0002600078984784582)
(432, 0.0002602858653953618)
(433, 0.0002605638689146497)
(434, 0.00026084190851911215)
(435, 0.00026111998369087906)
(436, 0.00026139809391142094)
(437, 0.0002616762386615508)
(438, 0.000261954417421425)
(439, 0.00026223262967054535)
(440, 0.00026251087488775976)
(441, 0.00026278915255126414)
(442, 0.00026306746213860334)
(443, 0.0002633458031266732)
(444, 0.00026362417499172116)
(445, 0.00026390257720934846)
(446, 0.00026418100925451084)
(447, 0.00026445947060152046)
(448, 0.00026473796072404727)
(449, 0.0002650164790951202)
(450, 0.00026529502518712867)
(451, 0.00026557359847182414)
(452, 0.00026585219842032153)
(453, 0.0002661308245031007)
(454, 0.00026640947619000757)
(455, 0.0002666881529502563)
(456, 0.0002669668542524297)
(457, 0.0002672455795644819)
(458, 0.0002675243283537387)
(459, 0.00026780310008690003)
(460, 0.00026808189423004064)
(461, 0.000268360710248612)
(462, 0.0002686395476074436)
(463, 0.0002689184057707449)
(464, 0.00026919728420210596)
(465, 0.0002694761823644998)
(466, 0.0002697550997202836)
(467, 0.00027003403573120006)
(468, 0.00027031298985837895)
(469, 0.0002705919615623389)
(470, 0.00027087095030298863)
(471, 0.00027114995553962864)
(472, 0.0002714289767309528)
(473, 0.00027170801333504965)
(474, 0.00027198706480940416)
(475, 0.00027226613061089933)
(476, 0.00027254521019581736)
(477, 0.0002728243030198418)
(478, 0.0002731034085380586)
(479, 0.0002733825262049579)
(480, 0.0002736616554744355)
(481, 0.0002739407957997948)
(482, 0.0002742199466337478)
(483, 0.0002744991074284173)
(484, 0.0002747782776353376)
(485, 0.0002750574567054575)
(486, 0.00027533664408914025)
(487, 0.00027561583923616667)
(488, 0.00027589504159573566)
(489, 0.0002761742506164664)
(490, 0.0002764534657463995)
(491, 0.0002767326864329996)
(492, 0.00027701191212315546)
(493, 0.000277291142263183)
(494, 0.0002775703762988264)
(495, 0.0002778496136752594)
(496, 0.0002781288538370875)
(497, 0.0002784080962283495)
(498, 0.0002786873402925188)
(499, 0.00027896658547250534)
(500, 0.0002792458312106573)
(501, 0.00027952507694876277)
(502, 0.00027980432212805116)
(503, 0.0002800835661891953)
(504, 0.0002803628085723126)
(505, 0.00028064204871696726)
(506, 0.0002809212860621717)
(507, 0.0002812005200463882)
(508, 0.0002814797501075306)
(509, 0.0002817589756829663)
(510, 0.0002820381962095177)
(511, 0.00028231741112346386)
(512, 0.0002825966198605423)
(513, 0.00028287582185595106)
(514, 0.00028315501654434976)
(515, 0.0002834342033598618)
(516, 0.000283713381736076)
(517, 0.0002839925511060484)
(518, 0.0002842717109023038)
(519, 0.00028455086055683765)
(520, 0.00028482999950111784)
(521, 0.0002851091271660864)
(522, 0.00028538824298216116)
(523, 0.00028566734637923777)
(524, 0.00028594643678669126)
(525, 0.0002862255136333779)
(526, 0.0002865045763476368)
(527, 0.00028678362435729203)
(528, 0.0002870626570896542)
(529, 0.00028734167397152224)
(530, 0.0002876206744291851)
(531, 0.000287899657888424)
(532, 0.00028817862377451364)
(533, 0.0002884575715122243)
(534, 0.00028873650052582396)
(535, 0.00028901541023907925)
(536, 0.00028929430007525837)
(537, 0.000289573169457132)
(538, 0.0002898520178069756)
(539, 0.0002901308445465712)
(540, 0.00029040964909720913)
(541, 0.00029068843087968994)
(542, 0.0002909671893143261)
(543, 0.0002912459238209441)
(544, 0.0002915246338188862)
(545, 0.00029180331872701227)
(546, 0.00029208197796370136)
(547, 0.0002923606109468543)
(548, 0.0002926392170938947)
(549, 0.00029291779582177167)
(550, 0.00029319634654696107)
(551, 0.00029347486868546753)
(552, 0.0002937533616528265)
(553, 0.0002940318248641062)
(554, 0.00029431025773390935)
(555, 0.0002945886596763747)
(556, 0.00029486703010518005)
(557, 0.00029514536843354276)
(558, 0.00029542367407422293)
(559, 0.00029570194643952413)
(560, 0.0002959801849412965)
(561, 0.0002962583889909379)
(562, 0.00029653655799939595)
(563, 0.0002968146913771701)
(564, 0.00029709278853431363)
(565, 0.00029737084888043543)
(566, 0.00029764887182470197)
(567, 0.0002979268567758394)
(568, 0.00029820480314213536)
(569, 0.0002984827103314409)
(570, 0.0002987605777511725)
(571, 0.00029903840480831415)
(572, 0.00029931619090941923)
(573, 0.00029959393546061236)
(574, 0.0002998716378675916)
(575, 0.00030014929753563024)
(576, 0.00030042691386957915)
(577, 0.000300704486273868)
(578, 0.00030098201415250814)
(579, 0.0003012594969090941)
(580, 0.0003015369339468058)
(581, 0.00030181432466841)
(582, 0.00030209166847626354)
(583, 0.00030236896477231387)
(584, 0.0003026462129581021)
(585, 0.00030292341243476464)
(586, 0.00030320056260303545)
(587, 0.00030347766286324755)
(588, 0.0003037547126153357)
(589, 0.00030403171125883803)
(590, 0.0003043086581928983)
(591, 0.0003045855528162677)
(592, 0.0003048623945273071)
(593, 0.0003051391827239889)
(594, 0.00030541591680389963)
(595, 0.0003056925961642411)
(596, 0.00030596922020183334)
(597, 0.00030624578831311614)
(598, 0.0003065222998941513)
(599, 0.00030679875434062474)
(600, 0.0003070751510478483)
(601, 0.0003073514894107625)
(602, 0.0003076277688239377)
(603, 0.00030790398868157687)
(604, 0.0003081801483775176)
(605, 0.0003084562473052337)
(606, 0.00030873228485783826)
(607, 0.00030900826042808436)
(608, 0.0003092841734083689)
(609, 0.00030956002319073314)
(610, 0.00030983580916686573)
(611, 0.00031011153072810454)
(612, 0.0003103871872654388)
(613, 0.0003106627781695114)
(614, 0.0003109383028306205)
(615, 0.00031121376063872244)
(616, 0.00031148915098343325)
(617, 0.0003117644732540311)
(618, 0.0003120397268394582)
(619, 0.00031231491112832335)
(620, 0.0003125900255089037)
(621, 0.000312865069369147)
(622, 0.00031314004209667386)
(623, 0.00031341494307878003)
(624, 0.0003136897717024381)
(625, 0.00031396452735430006)
(626, 0.0003142392094206997)
(627, 0.00031451381728765405)
(628, 0.0003147883503408662)
(629, 0.0003150628079657271)
(630, 0.0003153371895473181)
(631, 0.0003156114944704129)
(632, 0.0003158857221194798)
(633, 0.0003161598718786837)
(634, 0.0003164339431318888)
(635, 0.0003167079352626603)
(636, 0.00031698184765426696)
(637, 0.00031725567968968286)
(638, 0.0003175294307515902)
(639, 0.00031780310022238114)
(640, 0.00031807668748416024)
(641, 0.00031835019191874626)
(642, 0.0003186236129076749)
(643, 0.0003188969498322007)
(644, 0.00031917020207329963)
(645, 0.00031944336901167076)
(646, 0.00031971645002773903)
(647, 0.0003199894445016573)
(648, 0.0003202623518133084)
(649, 0.00032053517134230796)
(650, 0.00032080790246800576)
(651, 0.0003210805445694889)
(652, 0.0003213530970255835)
(653, 0.0003216255592148573)
(654, 0.00032189793051562145)
(655, 0.00032217021030593335)
(656, 0.0003224423979635986)
(657, 0.00032271449286617326)
(658, 0.00032298649439096636)
(659, 0.00032325840191504176)
(660, 0.00032353021481522105)
(661, 0.0003238019324680852)
(662, 0.0003240735542499774)
(663, 0.0003243450795370049)
(664, 0.0003246165077050416)
(665, 0.0003248878381297303)
(666, 0.0003251590701864851)
(667, 0.000325430203250493)
(668, 0.00032570123669671764)
(669, 0.0003259721698999001)
(670, 0.0003262430022345621)
(671, 0.00032651373307500826)
(672, 0.0003267843617953281)
(673, 0.0003270548877693985)
(674, 0.0003273253103708861)
(675, 0.00032759562897324965)
(676, 0.0003278658429497423)
(677, 0.0003281359516734138)
(678, 0.0003284059545171131)
(679, 0.00032867585085349054)
(680, 0.0003289456400550001)
(681, 0.00032921532149390203)
(682, 0.0003294848945422649)
(683, 0.0003297543585719683)
(684, 0.00033002371295470486)
(685, 0.0003302929570619827)
(686, 0.0003305620902651278)
(687, 0.0003308311119352867)
(688, 0.0003311000214434282)
(689, 0.00033136881816034645)
(690, 0.0003316375014566629)
(691, 0.00033190607070282855)
(692, 0.0003321745252691268)
(693, 0.00033244286452567545)
(694, 0.0003327110878424292)
(695, 0.0003329791945891822)
(696, 0.0003332471841355702)
(697, 0.00033351505585107306)
(698, 0.00033378280910501717)
(699, 0.0003340504432665776)
(700, 0.00033431795770478114)
(701, 0.0003345853517885079)
(702, 0.00033485262488649434)
(703, 0.00033511977636733505)
(704, 0.00033538680559948617)
(705, 0.00033565371195126665)
(706, 0.00033592049479086146)
(707, 0.00033618715348632386)
(708, 0.0003364536874055774)
(709, 0.00033672009591641895)
(710, 0.0003369863783865207)
(711, 0.0003372525341834329)
(712, 0.000337518562674586)
(713, 0.0003377844632272932)
(714, 0.00033805023520875303)
(715, 0.0003383158779860516)
(716, 0.0003385813909261651)
(717, 0.00033884677339596236)
(718, 0.0003391120247622072)
(719, 0.0003393771443915607)
(720, 0.00033964213165058407)
(721, 0.00033990698590574074)
(722, 0.000340171706523399)
(723, 0.0003404362928698345)
(724, 0.00034070074431123237)
(725, 0.0003409650602136903)
(726, 0.0003412292399432203)
(727, 0.000341493282865752)
(728, 0.000341757188347134)
(729, 0.0003420209557531376)
(730, 0.00034228458444945817)
(731, 0.00034254807380171867)
(732, 0.0003428114231754711)
(733, 0.00034307463193619984)
(734, 0.00034333769944932353)
(735, 0.0003436006250801979)
(736, 0.0003438634081941182)
(737, 0.0003441260481563215)
(738, 0.00034438854433198964)
(739, 0.00034465089608625105)
(740, 0.000344913102784184)
(741, 0.00034517516379081866)
(742, 0.0003454370784711394)
(743, 0.00034569884619008786)
(744, 0.00034596046631256503)
(745, 0.000346221938203434)
(746, 0.0003464832612275224)
(747, 0.0003467444347496247)
(748, 0.0003470054581345052)
(749, 0.0003472663307469)
(750, 0.00034752705195152005)
(751, 0.0003477876211130531)
(752, 0.00034804803759616674)
(753, 0.0003483083007655108)
(754, 0.00034856840998571964)
(755, 0.00034882836462141485)
(756, 0.00034908816403720786)
(757, 0.00034934780759770243)
(758, 0.00034960729466749693)
(759, 0.0003498666246111875)
(760, 0.0003501257967933695)
(761, 0.0003503848105786416)
(762, 0.00035064366533160696)
(763, 0.00035090236041687624)
(764, 0.00035116089519907035)
(765, 0.00035141926904282275)
(766, 0.00035167748131278233)
(767, 0.00035193553137361535)
(768, 0.0003521934185900086)
(769, 0.00035245114232667176)
(770, 0.00035270870194833965)
(771, 0.0003529660968197755)
(772, 0.00035322332630577277)
(773, 0.00035348038977115804)
(774, 0.0003537372865807937)
(775, 0.00035399401609958016)
(776, 0.00035425057769245894)
(777, 0.00035450697072441457)
(778, 0.0003547631945604779)
(779, 0.000355019248565728)
(780, 0.00035527513210529513)
(781, 0.00035553084454436343)
(782, 0.000355786385248173)
(783, 0.00035604175358202293)
(784, 0.00035629694891127365)
(785, 0.0003565519706013496)
(786, 0.0003568068180177419)
(787, 0.0003570614905260108)
(788, 0.00035731598749178824)
(789, 0.00035757030828078055)
(790, 0.000357824452258771)
(791, 0.00035807841879162243)
(792, 0.00035833220724527985)
(793, 0.00035858581698577273)
(794, 0.00035883924737921814)
(795, 0.000359092497791823)
(796, 0.0003593455675898868)
(797, 0.0003595984561398039)
(798, 0.0003598511628080666)
(799, 0.00036010368696126757)
(800, 0.00036035602796610224)
(801, 0.0003606081851893716)
(802, 0.000360860157997985)
(803, 0.0003611119457589622)
(804, 0.0003613635478394366)
(805, 0.0003616149636066574)
(806, 0.00036186619242799245)
(807, 0.00036211723367093093)
(808, 0.0003623680867030856)
(809, 0.00036261875089219574)
(810, 0.00036286922560612985)
(811, 0.00036311951021288774)
(812, 0.0003633696040806039)
(813, 0.00036361950657754947)
(814, 0.00036386921707213523)
(815, 0.00036411873493291403)
(816, 0.00036436805952858357)
(817, 0.00036461719022798904)
(818, 0.0003648661264001253)
(819, 0.00036511486741414034)
(820, 0.00036536341263933715)
(821, 0.00036561176144517683)
(822, 0.00036585991320128066)
(823, 0.0003661078672774334)
(824, 0.0003663556230435857)
(825, 0.0003666031798698564)
(826, 0.0003668505371265354)
(827, 0.00036709769418408677)
(828, 0.0003673446504131503)
(829, 0.00036759140518454505)
(830, 0.00036783795786927195)
(831, 0.00036808430783851593)
(832, 0.0003683304544636486)
(833, 0.0003685763971162316)
(834, 0.0003688221351680185)
(835, 0.0003690676679909577)
(836, 0.000369312994957195)
(837, 0.0003695581154390764)
(838, 0.00036980302880915085)
(839, 0.00037004773444017234)
(840, 0.00037029223170510306)
(841, 0.00037053651997711603)
(842, 0.0003707805986295975)
(843, 0.00037102446703614957)
(844, 0.0003712681245705933)
(845, 0.00037151157060697073)
(846, 0.00037175480451954806)
(847, 0.00037199782568281796)
(848, 0.0003722406334715023)
(849, 0.00037248322726055494)
(850, 0.00037272560642516434)
(851, 0.00037296777034075606)
(852, 0.0003732097183829954)
(853, 0.00037345144992779035)
(854, 0.0003736929643512941)
(855, 0.00037393426102990746)
(856, 0.0003741753393402818)
(857, 0.00037441619865932166)
(858, 0.00037465683836418733)
(859, 0.00037489725783229757)
(860, 0.0003751374564413321)
(861, 0.00037537743356923453)
(862, 0.00037561718859421486)
(863, 0.0003758567208947522)
(864, 0.00037609602984959727)
(865, 0.00037633511483777535)
(866, 0.00037657397523858845)
(867, 0.00037681261043161863)
(868, 0.0003770510197967303)
(869, 0.0003772892027140726)
(870, 0.0003775271585640827)
(871, 0.0003777648867274878)
(872, 0.0003780023865853084)
(873, 0.0003782396575188604)
(874, 0.0003784766989097585)
(875, 0.00037871351013991775)
(876, 0.00037895009059155723)
(877, 0.00037918643964720243)
(878, 0.0003794225566896876)
(879, 0.0003796584411021586)
(880, 0.00037989409226807586)
(881, 0.0003801295095712166)
(882, 0.0003803646923956775)
(883, 0.000380599640125878)
(884, 0.000380834352146562)
(885, 0.00038106882784280134)
(886, 0.00038130306659999797)
(887, 0.00038153706780388684)
(888, 0.00038177083084053854)
(889, 0.0003820043550963619)
(890, 0.00038223763995810664)
(891, 0.0003824706848128661)
(892, 0.00038270348904807994)
(893, 0.0003829360520515365)
(894, 0.00038316837321137606)
(895, 0.0003834004519160927)
(896, 0.000383632287554538)
(897, 0.0003838638795159224)
(898, 0.00038409522718981914)
(899, 0.00038432632996616604)
(900, 0.00038455718723526847)
(901, 0.0003847877983878022)
(902, 0.0003850181628148157)
(903, 0.00038524827990773293)
(904, 0.0003854781490583562)
(905, 0.0003857077696588686)
(906, 0.00038593714110183664)
(907, 0.000386166262780213)
(908, 0.00038639513408733953)
(909, 0.0003866237544169491)
(910, 0.00038685212316316877)
(911, 0.0003870802397205226)
(912, 0.0003873081034839341)
(913, 0.0003875357138487289)
(914, 0.00038776307021063706)
(915, 0.00038799017196579653)
(916, 0.00038821701851075494)
(917, 0.0003884436092424729)
(918, 0.00038866994355832643)
(919, 0.00038889602085610944)
(920, 0.00038912184053403655)
(921, 0.0003893474019907457)
(922, 0.0003895727046253011)
(923, 0.00038979774783719516)
(924, 0.000390022531026352)
(925, 0.0003902470535931294)
(926, 0.00039047131493832193)
(927, 0.00039069531446316334)
(928, 0.00039091905156932925)
(929, 0.0003911425256589397)
(930, 0.00039136573613456234)
(931, 0.0003915886823992141)
(932, 0.0003918113638563649)
(933, 0.00039203377990993933)
(934, 0.00039225592996432017)
(935, 0.00039247781342435025)
(936, 0.00039269942969533583)
(937, 0.0003929207781830484)
(938, 0.00039314185829372825)
(939, 0.00039336266943408636)
(940, 0.0003935832110113074)
(941, 0.0003938034824330523)
(942, 0.00039402348310746085)
(943, 0.0003942432124431545)
(944, 0.0003944626698492386)
(945, 0.0003946818547353057)
(946, 0.0003949007665114372)
(947, 0.0003951194045882072)
(948, 0.000395337768376684)
(949, 0.00039555585728843346)
(950, 0.0003957736707355214)
(951, 0.0003959912081305161)
(952, 0.000396208468886491)
(953, 0.00039642545241702767)
(954, 0.0003966421581362178)
(955, 0.00039685858545866656)
(956, 0.0003970747337994942)
(957, 0.00039729060257434)
(958, 0.00039750619119936374)
(959, 0.0003977214990912488)
(960, 0.00039793652566720496)
(961, 0.0003981512703449706)
(962, 0.00039836573254281555)
(963, 0.00039857991167954385)
(964, 0.000398793807174496)
(965, 0.00039900741844755167)
(966, 0.00039922074491913266)
(967, 0.00039943378601020504)
(968, 0.000399646541142282)
(969, 0.0003998590097374266)
(970, 0.0004000711912182539)
(971, 0.00040028308500793404)
(972, 0.00040049469053019465)
(973, 0.00040070600720932344)
(974, 0.0004009170344701708)
(975, 0.0004011277717381525)
(976, 0.000401338218439252)
(977, 0.0004015483740000235)
(978, 0.00040175823784759427)
(979, 0.00040196780940966693)
(980, 0.00040217708811452277)
(981, 0.0004023860733910237)
(982, 0.0004025947646686152)
(983, 0.0004028031613773288)
(984, 0.00040301126294778447)
(985, 0.00040321906881119347)
(986, 0.0004034265783993609)
(987, 0.00040363379114468815)
(988, 0.00040384070648017556)
(989, 0.000404047323839425)
(990, 0.00040425364265664235)
(991, 0.0004044596623666403)
(992, 0.0004046653824048406)
(993, 0.0004048708022072771)
(994, 0.0004050759212105975)
(995, 0.0004052807388520669)
(996, 0.0004054852545695697)
(997, 0.0004056894678016125)
(998, 0.0004058933779873263)
(999, 0.00040609698456646936)
(1000, 0.0004063002869794297)
(1001, 0.0004065032846672278)
(1002, 0.00040670597707151873)
(1003, 0.00040690836363459513)
(1004, 0.00040711044379938924)
(1005, 0.00040731221700947637)
(1006, 0.0004075136827090764)
(1007, 0.000407714840343057)
(1008, 0.0004079156893569358)
(1009, 0.0004081162291968834)
(1010, 0.0004083164593097252)
(1011, 0.0004085163791429445)
(1012, 0.0004087159881446852)
(1013, 0.00040891528576375325)
(1014, 0.0004091142714496208)
(1015, 0.0004093129446524271)
(1016, 0.0004095113048229823)
(1017, 0.0004097093514127691)
(1018, 0.0004099070838739459)
(1019, 0.0004101045016593489)
(1020, 0.0004103016042224947)
(1021, 0.0004104983910175831)
(1022, 0.00041069486149949915)
(1023, 0.00041089101512381597)
(1024, 0.0004110868513467971)
(1025, 0.00041128236962539936)
(1026, 0.0004114775694172748)
(1027, 0.00041167245018077365)
(1028, 0.00041186701137494635)
(1029, 0.0004120612524595469)
(1030, 0.00041225517289503416)
(1031, 0.00041244877214257546)
(1032, 0.00041264204966404844)
(1033, 0.00041283500492204364)
(1034, 0.00041302763737986715)
(1035, 0.000413219946501543)
(1036, 0.0004134119317518154)
(1037, 0.00041360359259615175)
(1038, 0.0004137949285007447)
(1039, 0.0004139859389325148)
(1040, 0.0004141766233591128)
(1041, 0.0004143669812489221)
(1042, 0.0004145570120710616)
(1043, 0.0004147467152953878)
(1044, 0.0004149360903924975)
(1045, 0.00041512513683372964)
(1046, 0.0004153138540911687)
(1047, 0.00041550224163764646)
(1048, 0.0004156902989467449)
(1049, 0.0004158780254927981)
(1050, 0.0004160654207508951)
(1051, 0.00041625248419688244)
(1052, 0.0004164392153073662)
(1053, 0.00041662561355971454)
(1054, 0.00041681167843206053)
(1055, 0.000416997409403304)
(1056, 0.00041718280595311435)
(1057, 0.0004173678675619331)
(1058, 0.0004175525937109755)
(1059, 0.000417736983882234)
(1060, 0.0004179210375584801)
(1061, 0.000418104754223267)
(1062, 0.0004182881333609314)
(1063, 0.00041847117445659697)
(1064, 0.00041865387699617566)
(1065, 0.00041883624046637084)
(1066, 0.0004190182643546795)
(1067, 0.0004191999481493946)
(1068, 0.00041938129133960725)
(1069, 0.0004195622934152096)
(1070, 0.00041974295386689695)
(1071, 0.0004199232721861699)
(1072, 0.0004201032478653371)
(1073, 0.00042028288039751765)
(1074, 0.0004204621692766429)
(1075, 0.0004206411139974596)
(1076, 0.00042081971405553194)
(1077, 0.0004209979689472435)
(1078, 0.0004211758781698005)
(1079, 0.0004213534412212333)
(1080, 0.0004215306576003992)
(1081, 0.000421707526806985)
(1082, 0.00042188404834150834)
(1083, 0.00042206022170532167)
(1084, 0.00042223604640061294)
(1085, 0.0004224115219304093)
(1086, 0.00042258664779857815)
(1087, 0.00042276142350983095)
(1088, 0.000422935848569724)
(1089, 0.00042310992248466213)
(1090, 0.00042328364476189995)
(1091, 0.00042345701490954503)
(1092, 0.00042363003243655944)
(1093, 0.00042380269685276286)
(1094, 0.00042397500766883404)
(1095, 0.00042414696439631403)
(1096, 0.0004243185665476077)
(1097, 0.0004244898136359863)
(1098, 0.00042466070517558995)
(1099, 0.00042483124068142984)
(1100, 0.0004250014196693904)
(1101, 0.00042517124165623155)
(1102, 0.00042534070615959127)
(1103, 0.0004255098126979875)
(1104, 0.0004256785607908209)
(1105, 0.00042584694995837657)
(1106, 0.0004260149797218268)
(1107, 0.00042618264960323296)
(1108, 0.0004263499591255481)
(1109, 0.00042651690781261885)
(1110, 0.000426683495189188)
(1111, 0.0004268497207808967)
(1112, 0.00042701558411428644)
(1113, 0.00042718108471680156)
(1114, 0.00042734622211679143)
(1115, 0.00042751099584351266)
(1116, 0.0004276754054271314)
(1117, 0.0004278394503987255)
(1118, 0.00042800313029028663)
(1119, 0.0004281664446347228)
(1120, 0.0004283293929658604)
(1121, 0.00042849197481844626)
(1122, 0.00042865418972815)
(1123, 0.0004288160372315666)
(1124, 0.000428977516866218)
(1125, 0.00042913862817055563)
(1126, 0.0004292993706839625)
(1127, 0.0004294597439467554)
(1128, 0.00042961974750018724)
(1129, 0.0004297793808864491)
(1130, 0.0004299386436486724)
(1131, 0.00043009753533093117)
(1132, 0.0004302560554782439)
(1133, 0.00043041420363657635)
(1134, 0.00043057197935284305)
(1135, 0.00043072938217490997)
(1136, 0.00043088641165159634)
(1137, 0.0004310430673326767)
(1138, 0.00043119934876888384)
(1139, 0.0004313552555119097)
(1140, 0.0004315107871144087)
(1141, 0.0004316659431299991)
(1142, 0.00043182072311326547)
(1143, 0.00043197512661976076)
(1144, 0.0004321291532060084)
(1145, 0.0004322828024295044)
(1146, 0.0004324360738487196)
(1147, 0.00043258896702310154)
(1148, 0.0004327414815130768)
(1149, 0.00043289361688005296)
(1150, 0.0004330453726864209)
(1151, 0.0004331967484955566)
(1152, 0.00043334774387182335)
(1153, 0.00043349835838057407)
(1154, 0.00043364859158815305)
(1155, 0.0004337984430618982)
(1156, 0.00043394791237014304)
(1157, 0.0004340969990822191)
(1158, 0.00043424570276845746)
(1159, 0.000434394023000191)
(1160, 0.00043454195934975674)
(1161, 0.00043468951139049764)
(1162, 0.0004348366786967647)
(1163, 0.00043498346084391886)
(1164, 0.0004351298574083334)
(1165, 0.0004352758679673956)
(1166, 0.000435421492099509)
(1167, 0.00043556672938409525)
(1168, 0.00043571157940159634)
(1169, 0.0004358560417334765)
(1170, 0.00043600011596222433)
(1171, 0.00043614380167135446)
(1172, 0.00043628709844540996)
(1173, 0.00043643000586996437)
(1174, 0.0004365725235316231)
(1175, 0.00043671465101802626)
(1176, 0.0004368563879178498)
(1177, 0.00043699773382080827)
(1178, 0.00043713868831765645)
(1179, 0.0004372792510001911)
(1180, 0.0004374194214612532)
(1181, 0.0004375591992947299)
(1182, 0.0004376985840955565)
(1183, 0.00043783757545971824)
(1184, 0.0004379761729842526)
(1185, 0.0004381143762672507)
(1186, 0.0004382521849078595)
(1187, 0.0004383895985062842)
(1188, 0.00043852661666378943)
(1189, 0.00043866323898270174)
(1190, 0.00043879946506641086)
(1191, 0.0004389352945193725)
(1192, 0.0004390707269471096)
(1193, 0.0004392057619562144)
(1194, 0.00043934039915435066)
(1195, 0.00043947463815025483)
(1196, 0.0004396084785537389)
(1197, 0.0004397419199756915)
(1198, 0.00043987496202807996)
(1199, 0.0004400076043239528)
(1200, 0.0004401398464774406)
(1201, 0.0004402716881037586)
(1202, 0.0004404031288192084)
(1203, 0.00044053416824117964)
(1204, 0.00044066480598815204)
(1205, 0.00044079504167969725)
(1206, 0.0004409248749364806)
(1207, 0.0004410543053802631)
(1208, 0.0004411833326339026)
(1209, 0.0004413119563213571)
(1210, 0.00044144017606768493)
(1211, 0.0004415679914990475)
(1212, 0.00044169540224271096)
(1213, 0.00044182240792704807)
(1214, 0.00044194900818153967)
(1215, 0.0004420752026367769)
(1216, 0.00044220099092446245)
(1217, 0.0004423263726774133)
(1218, 0.00044245134752956134)
(1219, 0.00044257591511595617)
(1220, 0.00044270007507276606)
(1221, 0.0004428238270372803)
(1222, 0.0004429471706479107)
(1223, 0.00044307010554419345)
(1224, 0.0004431926313667908)
(1225, 0.0004433147477574928)
(1226, 0.00044343645435921905)
(1227, 0.0004435577508160207)
(1228, 0.0004436786367730816)
(1229, 0.0004437991118767208)
(1230, 0.0004439191757743936)
(1231, 0.00044403882811469336)
(1232, 0.00044415806854735394)
(1233, 0.0004442768967232503)
(1234, 0.00044439531229440105)
(1235, 0.00044451331491396974)
(1236, 0.00044463090423626687)
(1237, 0.0004447480799167511)
(1238, 0.00044486484161203126)
(1239, 0.00044498118897986805)
(1240, 0.0004450971216791759)
(1241, 0.0004452126393700238)
(1242, 0.00044532774171363786)
(1243, 0.00044544242837240276)
(1244, 0.000445556699009863)
(1245, 0.000445670553290725)
(1246, 0.0004457839908808586)
(1247, 0.0004458970114472984)
(1248, 0.000446009614658246)
(1249, 0.0004461218001830709)
(1250, 0.00044623356769231295)
(1251, 0.00044634491685768287)
(1252, 0.0004464558473520651)
(1253, 0.00044656635884951837)
(1254, 0.000446676451025278)
(1255, 0.00044678612355575695)
(1256, 0.00044689537611854787)
(1257, 0.00044700420839242444)
(1258, 0.00044711262005734265)
(1259, 0.0004472206107944431)
(1260, 0.0004473281802860521)
(1261, 0.00044743532821568297)
(1262, 0.0004475420542680383)
(1263, 0.00044764835812901075)
(1264, 0.00044775423948568516)
(1265, 0.0004478596980263398)
(1266, 0.000447964733440448)
(1267, 0.0004480693454186795)
(1268, 0.0004481735336529022)
(1269, 0.0004482772978361837)
(1270, 0.0004483806376627924)
(1271, 0.00044848355282819946)
(1272, 0.0004485860430290802)
(1273, 0.00044868810796331536)
(1274, 0.0004487897473299928)
(1275, 0.00044889096082940895)
(1276, 0.0004489917481630701)
(1277, 0.000449092109033694)
(1278, 0.00044919204314521164)
(1279, 0.0004492915502027681)
(1280, 0.0004493906299127244)
(1281, 0.0004494892819826588)
(1282, 0.0004495875061213684)
(1283, 0.0004496853020388703)
(1284, 0.0004497826694464032)
(1285, 0.0004498796080564291)
(1286, 0.00044997611758263383)
(1287, 0.0004500721977399295)
(1288, 0.0004501678482444554)
(1289, 0.00045026306881357936)
(1290, 0.0004503578591658992)
(1291, 0.0004504522190212442)
(1292, 0.00045054614810067633)
(1293, 0.00045063964612649196)
(1294, 0.00045073271282222266)
(1295, 0.00045082534791263725)
(1296, 0.0004509175511237423)
(1297, 0.00045100932218278457)
(1298, 0.00045110066081825126)
(1299, 0.0004511915667598722)
(1300, 0.00045128203973862055)
(1301, 0.0004513720794867147)
(1302, 0.00045146168573761893)
(1303, 0.00045155085822604557)
(1304, 0.00045163959668795533)
(1305, 0.0004517279008605594)
(1306, 0.00045181577048232047)
(1307, 0.00045190320529295394)
(1308, 0.00045199020503342913)
(1309, 0.00045207676944597106)
(1310, 0.0004521628982740609)
(1311, 0.0004522485912624381)
(1312, 0.0004523338481571009)
(1313, 0.00045241866870530825)
(1314, 0.00045250305265558057)
(1315, 0.0004525869997577012)
(1316, 0.00045267050976271757)
(1317, 0.00045275358242294247)
(1318, 0.0004528362174919553)
(1319, 0.0004529184147246034)
(1320, 0.00045300017387700265)
(1321, 0.00045308149470653966)
(1322, 0.00045316237697187224)
(1323, 0.00045324282043293076)
(1324, 0.0004533228248509193)
(1325, 0.00045340238998831724)
(1326, 0.0004534815156088798)
(1327, 0.00045356020147763974)
(1328, 0.00045363844736090805)
(1329, 0.00045371625302627545)
(1330, 0.00045379361824261365)
(1331, 0.0004538705427800762)
(1332, 0.00045394702641009954)
(1333, 0.00045402306890540445)
(1334, 0.000454098670039997)
(1335, 0.00045417382958916976)
(1336, 0.0004542485473295028)
(1337, 0.00045432282303886493)
(1338, 0.00045439665649641477)
(1339, 0.0004544700474826015)
(1340, 0.00045454299577916664)
(1341, 0.0004546155011691446)
(1342, 0.0004546875634368638)
(1343, 0.0004547591823679479)
(1344, 0.00045483035774931675)
(1345, 0.0004549010893691877)
(1346, 0.0004549713770170762)
(1347, 0.0004550412204837973)
(1348, 0.00045511061956146626)
(1349, 0.0004551795740434999)
(1350, 0.0004552480837246177)
(1351, 0.0004553161484008423)
(1352, 0.000455383767869501)
(1353, 0.00045545094192922693)
(1354, 0.00045551767037995924)
(1355, 0.00045558395302294487)
(1356, 0.00045564978966073917)
(1357, 0.00045571518009720715)
(1358, 0.00045578012413752397)
(1359, 0.0004558446215881765)
(1360, 0.0004559086722569637)
(1361, 0.00045597227595299815)
(1362, 0.0004560354324867067)
(1363, 0.00045609814166983114)
(1364, 0.0004561604033154297)
(1365, 0.0004562222172378776)
(1366, 0.0004562835832528681)
(1367, 0.0004563445011774134)
(1368, 0.0004564049708298454)
(1369, 0.00045646499202981687)
(1370, 0.00045652456459830234)
(1371, 0.00045658368835759867)
(1372, 0.000456642363131326)
(1373, 0.00045670058874442923)
(1374, 0.000456758365023178)
(1375, 0.0004568156917951681)
(1376, 0.00045687256888932225)
(1377, 0.0004569289961358908)
(1378, 0.00045698497336645283)
(1379, 0.0004570405004139167)
(1380, 0.00045709557711252105)
(1381, 0.00045715020329783557)
(1382, 0.00045720437880676185)
(1383, 0.00045725810347753426)
(1384, 0.0004573113771497205)
(1385, 0.0004573641996642228)
(1386, 0.0004574165708632783)
(1387, 0.00045746849059046007)
(1388, 0.00045751995869067777)
(1389, 0.0004575709750101788)
(1390, 0.00045762153939654833)
(1391, 0.0004576716516987107)
(1392, 0.00045772131176693)
(1393, 0.0004577705194528107)
(1394, 0.0004578192746092984)
(1395, 0.00045786757709068073)
(1396, 0.000457915426752588)
(1397, 0.0004579628234519938)
(1398, 0.00045800976704721584)
(1399, 0.00045805625739791644)
(1400, 0.0004581022943651038)
(1401, 0.00045814787781113195)
(1402, 0.0004581930075997019)
(1403, 0.0004582376835958624)
(1404, 0.00045828190566600996)
(1405, 0.0004583256736778903)
(1406, 0.0004583689875005987)
(1407, 0.00045841184700458066)
(1408, 0.0004584542520616322)
(1409, 0.0004584962025449013)
(1410, 0.0004585376983288874)
(1411, 0.0004585787392894435)
(1412, 0.00045861932530377524)
(1413, 0.00045865945625044263)
(1414, 0.00045869913200936006)
(1415, 0.00045873835246179736)
(1416, 0.00045877711749037973)
(1417, 0.0004588154269790891)
(1418, 0.0004588532808132641)
(1419, 0.0004588906788796009)
(1420, 0.0004589276210661538)
(1421, 0.0004589641072623356)
(1422, 0.0004590001373589185)
(1423, 0.0004590357112480342)
(1424, 0.0004590708288231747)
(1425, 0.00045910548997919314)
(1426, 0.00045913969461230334)
(1427, 0.0004591734426200814)
(1428, 0.00045920673390146573)
(1429, 0.0004592395683567575)
(1430, 0.0004592719458876212)
(1431, 0.00045930386639708525)
(1432, 0.0004593353297895423)
(1433, 0.00045936633597075)
(1434, 0.0004593968848478309)
(1435, 0.0004594269763292737)
(1436, 0.0004594566103249331)
(1437, 0.00045948578674603023)
(1438, 0.0004595145055051538)
(1439, 0.0004595427665162595)
(1440, 0.0004595705696946714)
(1441, 0.0004595979149570817)
(1442, 0.0004596248022215515)
(1443, 0.0004596512314075111)
(1444, 0.0004596772024357602)
(1445, 0.0004597027152284689)
(1446, 0.0004597277697091772)
(1447, 0.00045975236580279627)
(1448, 0.00045977650343560826)
(1449, 0.0004598001825352667)
(1450, 0.00045982340303079737)
(1451, 0.00045984616485259786)
(1452, 0.00045986846793243856)
(1453, 0.00045989031220346264)
(1454, 0.00045991169760018673)
(1455, 0.0004599326240585008)
(1456, 0.000459953091515669)
(1457, 0.0004599730999103294)
(1458, 0.0004599926491824946)
(1459, 0.00046001173927355234)
(1460, 0.00046003037012626514)
(1461, 0.00046004854168477105)
(1462, 0.00046006625389458377)
(1463, 0.00046008350670259294)
(1464, 0.0004601003000570645)
(1465, 0.00046011663390764057)
(1466, 0.00046013250820534047)
(1467, 0.0004601479229025601)
(1468, 0.00046016287795307267)
(1469, 0.0004601773733120289)
(1470, 0.00046019140893595713)
(1471, 0.0004602049847827635)
(1472, 0.0004602181008117323)
(1473, 0.00046023075698352616)
(1474, 0.0004602429532601862)
(1475, 0.0004602546896051321)
(1476, 0.0004602659659831625)
(1477, 0.0004602767823604551)
(1478, 0.0004602871387045666)
(1479, 0.00046029703498443335)
(1480, 0.0004603064711703711)
(1481, 0.0004603154472340752)
(1482, 0.00046032396314862103)
(1483, 0.0004603320188884637)
(1484, 0.00046033961442943836)
(1485, 0.0004603467497487606)
(1486, 0.0004603534248250261)
(1487, 0.00046035963963821124)
(1488, 0.0004603653941696724)
(1489, 0.0004603706884021472)
(1490, 0.0004603755223197534)
(1491, 0.00046037989590799)
(1492, 0.0004603838091537364)
(1493, 0.00046038726204525337)
(1494, 0.00046039025457218243)
(1495, 0.00046039278672554594)
(1496, 0.00046039485849774776)
(1497, 0.0004603964698825724)
(1498, 0.0004603976208751858)
(1499, 0.00046039831147213513)
(1500, 0.0004603985416713484)
(1501, 0.00046039831147213513)
(1502, 0.0004603976208751858)
(1503, 0.0004603964698825724)
(1504, 0.00046039485849774776)
(1505, 0.00046039278672554594)
(1506, 0.00046039025457218243)
(1507, 0.00046038726204525337)
(1508, 0.0004603838091537364)
(1509, 0.00046037989590799)
(1510, 0.0004603755223197534)
(1511, 0.0004603706884021472)
(1512, 0.0004603653941696724)
(1513, 0.00046035963963821124)
(1514, 0.0004603534248250261)
(1515, 0.0004603467497487606)
(1516, 0.00046033961442943836)
(1517, 0.0004603320188884637)
(1518, 0.00046032396314862103)
(1519, 0.0004603154472340752)
(1520, 0.0004603064711703711)
(1521, 0.00046029703498443335)
(1522, 0.0004602871387045666)
(1523, 0.0004602767823604551)
(1524, 0.0004602659659831625)
(1525, 0.0004602546896051321)
(1526, 0.0004602429532601862)
(1527, 0.00046023075698352616)
(1528, 0.0004602181008117323)
(1529, 0.0004602049847827635)
(1530, 0.00046019140893595713)
(1531, 0.0004601773733120289)
(1532, 0.00046016287795307267)
(1533, 0.0004601479229025601)
(1534, 0.00046013250820534047)
(1535, 0.00046011663390764057)
(1536, 0.0004601003000570645)
(1537, 0.00046008350670259294)
(1538, 0.00046006625389458377)
(1539, 0.00046004854168477105)
(1540, 0.00046003037012626514)
(1541, 0.00046001173927355234)
(1542, 0.0004599926491824946)
(1543, 0.0004599730999103294)
(1544, 0.000459953091515669)
(1545, 0.0004599326240585008)
(1546, 0.00045991169760018673)
(1547, 0.00045989031220346264)
(1548, 0.00045986846793243856)
(1549, 0.00045984616485259786)
(1550, 0.00045982340303079737)
(1551, 0.0004598001825352667)
(1552, 0.00045977650343560826)
(1553, 0.00045975236580279627)
(1554, 0.0004597277697091772)
(1555, 0.0004597027152284689)
(1556, 0.0004596772024357602)
(1557, 0.0004596512314075111)
(1558, 0.0004596248022215515)
(1559, 0.0004595979149570817)
(1560, 0.0004595705696946714)
(1561, 0.0004595427665162595)
(1562, 0.0004595145055051538)
(1563, 0.00045948578674603023)
(1564, 0.0004594566103249331)
(1565, 0.0004594269763292737)
(1566, 0.0004593968848478309)
(1567, 0.00045936633597075)
(1568, 0.0004593353297895423)
(1569, 0.00045930386639708525)
(1570, 0.0004592719458876212)
(1571, 0.0004592395683567575)
(1572, 0.00045920673390146573)
(1573, 0.0004591734426200814)
(1574, 0.00045913969461230334)
(1575, 0.00045910548997919314)
(1576, 0.0004590708288231747)
(1577, 0.0004590357112480342)
(1578, 0.0004590001373589185)
(1579, 0.0004589641072623356)
(1580, 0.0004589276210661538)
(1581, 0.0004588906788796009)
(1582, 0.0004588532808132641)
(1583, 0.0004588154269790891)
(1584, 0.00045877711749037973)
(1585, 0.00045873835246179736)
(1586, 0.00045869913200936006)
(1587, 0.00045865945625044263)
(1588, 0.00045861932530377524)
(1589, 0.0004585787392894435)
(1590, 0.0004585376983288874)
(1591, 0.0004584962025449013)
(1592, 0.0004584542520616322)
(1593, 0.00045841184700458066)
(1594, 0.0004583689875005987)
(1595, 0.0004583256736778903)
(1596, 0.00045828190566600996)
(1597, 0.0004582376835958624)
(1598, 0.0004581930075997019)
(1599, 0.00045814787781113195)
(1600, 0.0004581022943651038)
(1601, 0.00045805625739791644)
(1602, 0.00045800976704721584)
(1603, 0.0004579628234519938)
(1604, 0.000457915426752588)
(1605, 0.00045786757709068073)
(1606, 0.0004578192746092984)
(1607, 0.0004577705194528107)
(1608, 0.00045772131176693)
(1609, 0.0004576716516987107)
(1610, 0.00045762153939654833)
(1611, 0.0004575709750101788)
(1612, 0.00045751995869067777)
(1613, 0.00045746849059046007)
(1614, 0.0004574165708632783)
(1615, 0.0004573641996642228)
(1616, 0.0004573113771497205)
(1617, 0.00045725810347753426)
(1618, 0.00045720437880676185)
(1619, 0.00045715020329783557)
(1620, 0.00045709557711252105)
(1621, 0.0004570405004139167)
(1622, 0.00045698497336645283)
(1623, 0.0004569289961358908)
(1624, 0.00045687256888932225)
(1625, 0.0004568156917951681)
(1626, 0.000456758365023178)
(1627, 0.00045670058874442923)
(1628, 0.000456642363131326)
(1629, 0.00045658368835759867)
(1630, 0.00045652456459830234)
(1631, 0.00045646499202981687)
(1632, 0.0004564049708298454)
(1633, 0.0004563445011774134)
(1634, 0.0004562835832528681)
(1635, 0.0004562222172378776)
(1636, 0.0004561604033154297)
(1637, 0.00045609814166983114)
(1638, 0.0004560354324867067)
(1639, 0.00045597227595299815)
(1640, 0.0004559086722569637)
(1641, 0.0004558446215881765)
(1642, 0.00045578012413752397)
(1643, 0.00045571518009720715)
(1644, 0.00045564978966073917)
(1645, 0.00045558395302294487)
(1646, 0.00045551767037995924)
(1647, 0.00045545094192922693)
(1648, 0.000455383767869501)
(1649, 0.0004553161484008423)
(1650, 0.0004552480837246177)
(1651, 0.0004551795740434999)
(1652, 0.00045511061956146626)
(1653, 0.0004550412204837973)
(1654, 0.0004549713770170762)
(1655, 0.0004549010893691877)
(1656, 0.00045483035774931675)
(1657, 0.0004547591823679479)
(1658, 0.0004546875634368638)
(1659, 0.0004546155011691446)
(1660, 0.00045454299577916664)
(1661, 0.0004544700474826015)
(1662, 0.00045439665649641477)
(1663, 0.00045432282303886493)
(1664, 0.0004542485473295028)
(1665, 0.00045417382958916976)
(1666, 0.000454098670039997)
(1667, 0.00045402306890540445)
(1668, 0.00045394702641009954)
(1669, 0.0004538705427800762)
(1670, 0.00045379361824261365)
(1671, 0.00045371625302627545)
(1672, 0.00045363844736090805)
(1673, 0.00045356020147763974)
(1674, 0.0004534815156088798)
(1675, 0.00045340238998831724)
(1676, 0.0004533228248509193)
(1677, 0.00045324282043293076)
(1678, 0.00045316237697187224)
(1679, 0.00045308149470653966)
(1680, 0.00045300017387700265)
(1681, 0.0004529184147246034)
(1682, 0.0004528362174919553)
(1683, 0.00045275358242294247)
(1684, 0.00045267050976271757)
(1685, 0.0004525869997577012)
(1686, 0.00045250305265558057)
(1687, 0.00045241866870530825)
(1688, 0.0004523338481571009)
(1689, 0.0004522485912624381)
(1690, 0.0004521628982740609)
(1691, 0.00045207676944597106)
(1692, 0.00045199020503342913)
(1693, 0.00045190320529295394)
(1694, 0.00045181577048232047)
(1695, 0.0004517279008605594)
(1696, 0.00045163959668795533)
(1697, 0.00045155085822604557)
(1698, 0.00045146168573761893)
(1699, 0.0004513720794867147)
(1700, 0.00045128203973862055)
(1701, 0.0004511915667598722)
(1702, 0.00045110066081825126)
(1703, 0.00045100932218278457)
(1704, 0.0004509175511237423)
(1705, 0.00045082534791263725)
(1706, 0.00045073271282222266)
(1707, 0.00045063964612649196)
(1708, 0.00045054614810067633)
(1709, 0.0004504522190212442)
(1710, 0.0004503578591658992)
(1711, 0.00045026306881357936)
(1712, 0.0004501678482444554)
(1713, 0.0004500721977399295)
(1714, 0.00044997611758263383)
(1715, 0.0004498796080564291)
(1716, 0.0004497826694464032)
(1717, 0.0004496853020388703)
(1718, 0.0004495875061213684)
(1719, 0.0004494892819826588)
(1720, 0.0004493906299127244)
(1721, 0.0004492915502027681)
(1722, 0.00044919204314521164)
(1723, 0.000449092109033694)
(1724, 0.0004489917481630701)
(1725, 0.00044889096082940895)
(1726, 0.0004487897473299928)
(1727, 0.00044868810796331536)
(1728, 0.0004485860430290802)
(1729, 0.00044848355282819946)
(1730, 0.0004483806376627924)
(1731, 0.0004482772978361837)
(1732, 0.0004481735336529022)
(1733, 0.0004480693454186795)
(1734, 0.000447964733440448)
(1735, 0.0004478596980263398)
(1736, 0.00044775423948568516)
(1737, 0.00044764835812901075)
(1738, 0.0004475420542680383)
(1739, 0.00044743532821568297)
(1740, 0.0004473281802860521)
(1741, 0.0004472206107944431)
(1742, 0.00044711262005734265)
(1743, 0.00044700420839242444)
(1744, 0.00044689537611854787)
(1745, 0.00044678612355575695)
(1746, 0.000446676451025278)
(1747, 0.00044656635884951837)
(1748, 0.0004464558473520651)
(1749, 0.00044634491685768287)
(1750, 0.00044623356769231295)
(1751, 0.0004461218001830709)
(1752, 0.000446009614658246)
(1753, 0.0004458970114472984)
(1754, 0.0004457839908808586)
(1755, 0.000445670553290725)
(1756, 0.000445556699009863)
(1757, 0.00044544242837240276)
(1758, 0.00044532774171363786)
(1759, 0.0004452126393700238)
(1760, 0.0004450971216791759)
(1761, 0.00044498118897986805)
(1762, 0.00044486484161203126)
(1763, 0.0004447480799167511)
(1764, 0.00044463090423626687)
(1765, 0.00044451331491396974)
(1766, 0.00044439531229440105)
(1767, 0.0004442768967232503)
(1768, 0.00044415806854735394)
(1769, 0.00044403882811469336)
(1770, 0.0004439191757743936)
(1771, 0.0004437991118767208)
(1772, 0.0004436786367730816)
(1773, 0.0004435577508160207)
(1774, 0.00044343645435921905)
(1775, 0.0004433147477574928)
(1776, 0.0004431926313667908)
(1777, 0.00044307010554419345)
(1778, 0.0004429471706479107)
(1779, 0.0004428238270372803)
(1780, 0.00044270007507276606)
(1781, 0.00044257591511595617)
(1782, 0.00044245134752956134)
(1783, 0.0004423263726774133)
(1784, 0.00044220099092446245)
(1785, 0.0004420752026367769)
(1786, 0.00044194900818153967)
(1787, 0.00044182240792704807)
(1788, 0.00044169540224271096)
(1789, 0.0004415679914990475)
(1790, 0.00044144017606768493)
(1791, 0.0004413119563213571)
(1792, 0.0004411833326339026)
(1793, 0.0004410543053802631)
(1794, 0.0004409248749364806)
(1795, 0.00044079504167969725)
(1796, 0.00044066480598815204)
(1797, 0.00044053416824117964)
(1798, 0.0004404031288192084)
(1799, 0.0004402716881037586)
(1800, 0.0004401398464774406)
(1801, 0.0004400076043239528)
(1802, 0.00043987496202807996)
(1803, 0.0004397419199756915)
(1804, 0.0004396084785537389)
(1805, 0.00043947463815025483)
(1806, 0.00043934039915435066)
(1807, 0.0004392057619562144)
(1808, 0.0004390707269471096)
(1809, 0.0004389352945193725)
(1810, 0.00043879946506641086)
(1811, 0.00043866323898270174)
(1812, 0.00043852661666378943)
(1813, 0.0004383895985062842)
(1814, 0.0004382521849078595)
(1815, 0.0004381143762672507)
(1816, 0.0004379761729842526)
(1817, 0.00043783757545971824)
(1818, 0.0004376985840955565)
(1819, 0.0004375591992947299)
(1820, 0.0004374194214612532)
(1821, 0.0004372792510001911)
(1822, 0.00043713868831765645)
(1823, 0.00043699773382080827)
(1824, 0.0004368563879178498)
(1825, 0.00043671465101802626)
(1826, 0.0004365725235316231)
(1827, 0.00043643000586996437)
(1828, 0.00043628709844540996)
(1829, 0.00043614380167135446)
(1830, 0.00043600011596222433)
(1831, 0.0004358560417334765)
(1832, 0.00043571157940159634)
(1833, 0.00043556672938409525)
(1834, 0.000435421492099509)
(1835, 0.0004352758679673956)
(1836, 0.0004351298574083334)
(1837, 0.00043498346084391886)
(1838, 0.0004348366786967647)
(1839, 0.00043468951139049764)
(1840, 0.00043454195934975674)
(1841, 0.000434394023000191)
(1842, 0.00043424570276845746)
(1843, 0.0004340969990822191)
(1844, 0.00043394791237014304)
(1845, 0.0004337984430618982)
(1846, 0.00043364859158815305)
(1847, 0.00043349835838057407)
(1848, 0.00043334774387182335)
(1849, 0.0004331967484955566)
(1850, 0.0004330453726864209)
(1851, 0.00043289361688005296)
(1852, 0.0004327414815130768)
(1853, 0.00043258896702310154)
(1854, 0.0004324360738487196)
(1855, 0.0004322828024295044)
(1856, 0.0004321291532060084)
(1857, 0.00043197512661976076)
(1858, 0.00043182072311326547)
(1859, 0.0004316659431299991)
(1860, 0.0004315107871144087)
(1861, 0.0004313552555119097)
(1862, 0.00043119934876888384)
(1863, 0.0004310430673326767)
(1864, 0.00043088641165159634)
(1865, 0.00043072938217490997)
(1866, 0.00043057197935284305)
(1867, 0.00043041420363657635)
(1868, 0.0004302560554782439)
(1869, 0.00043009753533093117)
(1870, 0.0004299386436486724)
(1871, 0.0004297793808864491)
(1872, 0.00042961974750018724)
(1873, 0.0004294597439467554)
(1874, 0.0004292993706839625)
(1875, 0.00042913862817055563)
(1876, 0.000428977516866218)
(1877, 0.0004288160372315666)
(1878, 0.00042865418972815)
(1879, 0.00042849197481844626)
(1880, 0.0004283293929658604)
(1881, 0.0004281664446347228)
(1882, 0.00042800313029028663)
(1883, 0.0004278394503987255)
(1884, 0.0004276754054271314)
(1885, 0.00042751099584351266)
(1886, 0.00042734622211679143)
(1887, 0.00042718108471680156)
(1888, 0.00042701558411428644)
(1889, 0.0004268497207808967)
(1890, 0.000426683495189188)
(1891, 0.00042651690781261885)
(1892, 0.0004263499591255481)
(1893, 0.00042618264960323296)
(1894, 0.0004260149797218268)
(1895, 0.00042584694995837657)
(1896, 0.0004256785607908209)
(1897, 0.0004255098126979875)
(1898, 0.00042534070615959127)
(1899, 0.00042517124165623155)
(1900, 0.0004250014196693904)
(1901, 0.00042483124068142984)
(1902, 0.00042466070517558995)
(1903, 0.0004244898136359863)
(1904, 0.0004243185665476077)
(1905, 0.00042414696439631403)
(1906, 0.00042397500766883404)
(1907, 0.00042380269685276286)
(1908, 0.00042363003243655944)
(1909, 0.00042345701490954503)
(1910, 0.00042328364476189995)
(1911, 0.00042310992248466213)
(1912, 0.000422935848569724)
(1913, 0.00042276142350983095)
(1914, 0.00042258664779857815)
(1915, 0.0004224115219304093)
(1916, 0.00042223604640061294)
(1917, 0.00042206022170532167)
(1918, 0.00042188404834150834)
(1919, 0.000421707526806985)
(1920, 0.0004215306576003992)
(1921, 0.0004213534412212333)
(1922, 0.0004211758781698005)
(1923, 0.0004209979689472435)
(1924, 0.00042081971405553194)
(1925, 0.0004206411139974596)
(1926, 0.0004204621692766429)
(1927, 0.00042028288039751765)
(1928, 0.0004201032478653371)
(1929, 0.0004199232721861699)
(1930, 0.00041974295386689695)
(1931, 0.0004195622934152096)
(1932, 0.00041938129133960725)
(1933, 0.0004191999481493946)
(1934, 0.0004190182643546795)
(1935, 0.00041883624046637084)
(1936, 0.00041865387699617566)
(1937, 0.00041847117445659697)
(1938, 0.0004182881333609314)
(1939, 0.000418104754223267)
(1940, 0.0004179210375584801)
(1941, 0.000417736983882234)
(1942, 0.0004175525937109755)
(1943, 0.0004173678675619331)
(1944, 0.00041718280595311435)
(1945, 0.000416997409403304)
(1946, 0.00041681167843206053)
(1947, 0.00041662561355971454)
(1948, 0.0004164392153073662)
(1949, 0.00041625248419688244)
(1950, 0.0004160654207508951)
(1951, 0.0004158780254927981)
(1952, 0.0004156902989467449)
(1953, 0.00041550224163764646)
(1954, 0.0004153138540911687)
(1955, 0.00041512513683372964)
(1956, 0.0004149360903924975)
(1957, 0.0004147467152953878)
(1958, 0.0004145570120710616)
(1959, 0.0004143669812489221)
(1960, 0.0004141766233591128)
(1961, 0.0004139859389325148)
(1962, 0.0004137949285007447)
(1963, 0.00041360359259615175)
(1964, 0.0004134119317518154)
(1965, 0.000413219946501543)
(1966, 0.00041302763737986715)
(1967, 0.00041283500492204364)
(1968, 0.00041264204966404844)
(1969, 0.00041244877214257546)
(1970, 0.00041225517289503416)
(1971, 0.0004120612524595469)
(1972, 0.00041186701137494635)
(1973, 0.00041167245018077365)
(1974, 0.0004114775694172748)
(1975, 0.00041128236962539936)
(1976, 0.0004110868513467971)
(1977, 0.00041089101512381597)
(1978, 0.00041069486149949915)
(1979, 0.0004104983910175831)
(1980, 0.0004103016042224947)
(1981, 0.0004101045016593489)
(1982, 0.0004099070838739459)
(1983, 0.0004097093514127691)
(1984, 0.0004095113048229823)
(1985, 0.0004093129446524271)
(1986, 0.0004091142714496208)
(1987, 0.00040891528576375325)
(1988, 0.0004087159881446852)
(1989, 0.0004085163791429445)
(1990, 0.0004083164593097252)
(1991, 0.0004081162291968834)
(1992, 0.0004079156893569358)
(1993, 0.000407714840343057)
(1994, 0.0004075136827090764)
(1995, 0.00040731221700947637)
(1996, 0.00040711044379938924)
(1997, 0.00040690836363459513)
(1998, 0.00040670597707151873)
(1999, 0.0004065032846672278)
(2000, 0.0004063002869794297)
(2001, 0.00040609698456646936)
(2002, 0.0004058933779873263)
(2003, 0.0004056894678016125)
(2004, 0.0004054852545695697)
(2005, 0.0004052807388520669)
(2006, 0.0004050759212105975)
(2007, 0.0004048708022072771)
(2008, 0.0004046653824048406)
(2009, 0.0004044596623666403)
(2010, 0.00040425364265664235)
(2011, 0.000404047323839425)
(2012, 0.00040384070648017556)
(2013, 0.00040363379114468815)
(2014, 0.0004034265783993609)
(2015, 0.00040321906881119347)
(2016, 0.00040301126294778447)
(2017, 0.0004028031613773288)
(2018, 0.0004025947646686152)
(2019, 0.0004023860733910237)
(2020, 0.00040217708811452277)
(2021, 0.00040196780940966693)
(2022, 0.00040175823784759427)
(2023, 0.0004015483740000235)
(2024, 0.000401338218439252)
(2025, 0.0004011277717381525)
(2026, 0.0004009170344701708)
(2027, 0.00040070600720932344)
(2028, 0.00040049469053019465)
(2029, 0.00040028308500793404)
(2030, 0.0004000711912182539)
(2031, 0.0003998590097374266)
(2032, 0.000399646541142282)
(2033, 0.00039943378601020504)
(2034, 0.00039922074491913266)
(2035, 0.00039900741844755167)
(2036, 0.000398793807174496)
(2037, 0.00039857991167954385)
(2038, 0.00039836573254281555)
(2039, 0.0003981512703449706)
(2040, 0.00039793652566720496)
(2041, 0.0003977214990912488)
(2042, 0.00039750619119936374)
(2043, 0.00039729060257434)
(2044, 0.0003970747337994942)
(2045, 0.00039685858545866656)
(2046, 0.0003966421581362178)
(2047, 0.00039642545241702767)
(2048, 0.000396208468886491)
(2049, 0.0003959912081305161)
(2050, 0.0003957736707355214)
(2051, 0.00039555585728843346)
(2052, 0.000395337768376684)
(2053, 0.0003951194045882072)
(2054, 0.0003949007665114372)
(2055, 0.0003946818547353057)
(2056, 0.0003944626698492386)
(2057, 0.0003942432124431545)
(2058, 0.00039402348310746085)
(2059, 0.0003938034824330523)
(2060, 0.0003935832110113074)
(2061, 0.00039336266943408636)
(2062, 0.00039314185829372825)
(2063, 0.0003929207781830484)
(2064, 0.00039269942969533583)
(2065, 0.00039247781342435025)
(2066, 0.00039225592996432017)
(2067, 0.00039203377990993933)
(2068, 0.0003918113638563649)
(2069, 0.0003915886823992141)
(2070, 0.00039136573613456234)
(2071, 0.0003911425256589397)
(2072, 0.00039091905156932925)
(2073, 0.00039069531446316334)
(2074, 0.00039047131493832193)
(2075, 0.0003902470535931294)
(2076, 0.000390022531026352)
(2077, 0.00038979774783719516)
(2078, 0.0003895727046253011)
(2079, 0.0003893474019907457)
(2080, 0.00038912184053403655)
(2081, 0.00038889602085610944)
(2082, 0.00038866994355832643)
(2083, 0.0003884436092424729)
(2084, 0.00038821701851075494)
(2085, 0.00038799017196579653)
(2086, 0.00038776307021063706)
(2087, 0.0003875357138487289)
(2088, 0.0003873081034839341)
(2089, 0.0003870802397205226)
(2090, 0.00038685212316316877)
(2091, 0.0003866237544169491)
(2092, 0.00038639513408733953)
(2093, 0.000386166262780213)
(2094, 0.00038593714110183664)
(2095, 0.0003857077696588686)
(2096, 0.0003854781490583562)
(2097, 0.00038524827990773293)
(2098, 0.0003850181628148157)
(2099, 0.0003847877983878022)
(2100, 0.00038455718723526847)
(2101, 0.00038432632996616604)
(2102, 0.00038409522718981914)
(2103, 0.0003838638795159224)
(2104, 0.000383632287554538)
(2105, 0.0003834004519160927)
(2106, 0.00038316837321137606)
(2107, 0.0003829360520515365)
(2108, 0.00038270348904807994)
(2109, 0.0003824706848128661)
(2110, 0.00038223763995810664)
(2111, 0.0003820043550963619)
(2112, 0.00038177083084053854)
(2113, 0.00038153706780388684)
(2114, 0.00038130306659999797)
(2115, 0.00038106882784280134)
(2116, 0.000380834352146562)
(2117, 0.000380599640125878)
(2118, 0.0003803646923956775)
(2119, 0.0003801295095712166)
(2120, 0.00037989409226807586)
(2121, 0.0003796584411021586)
(2122, 0.0003794225566896876)
(2123, 0.00037918643964720243)
(2124, 0.00037895009059155723)
(2125, 0.00037871351013991775)
(2126, 0.0003784766989097585)
(2127, 0.0003782396575188604)
(2128, 0.0003780023865853084)
(2129, 0.0003777648867274878)
(2130, 0.0003775271585640827)
(2131, 0.0003772892027140726)
(2132, 0.0003770510197967303)
(2133, 0.00037681261043161863)
(2134, 0.00037657397523858845)
(2135, 0.00037633511483777535)
(2136, 0.00037609602984959727)
(2137, 0.0003758567208947522)
(2138, 0.00037561718859421486)
(2139, 0.00037537743356923453)
(2140, 0.0003751374564413321)
(2141, 0.00037489725783229757)
(2142, 0.00037465683836418733)
(2143, 0.00037441619865932166)
(2144, 0.0003741753393402818)
(2145, 0.00037393426102990746)
(2146, 0.0003736929643512941)
(2147, 0.00037345144992779035)
(2148, 0.0003732097183829954)
(2149, 0.00037296777034075606)
(2150, 0.00037272560642516434)
(2151, 0.00037248322726055494)
(2152, 0.0003722406334715023)
(2153, 0.00037199782568281796)
(2154, 0.00037175480451954806)
(2155, 0.00037151157060697073)
(2156, 0.0003712681245705933)
(2157, 0.00037102446703614957)
(2158, 0.0003707805986295975)
(2159, 0.00037053651997711603)
(2160, 0.00037029223170510306)
(2161, 0.00037004773444017234)
(2162, 0.00036980302880915085)
(2163, 0.0003695581154390764)
(2164, 0.000369312994957195)
(2165, 0.0003690676679909577)
(2166, 0.0003688221351680185)
(2167, 0.0003685763971162316)
(2168, 0.0003683304544636486)
(2169, 0.00036808430783851593)
(2170, 0.00036783795786927195)
(2171, 0.00036759140518454505)
(2172, 0.0003673446504131503)
(2173, 0.00036709769418408677)
(2174, 0.0003668505371265354)
(2175, 0.0003666031798698564)
(2176, 0.0003663556230435857)
(2177, 0.0003661078672774334)
(2178, 0.00036585991320128066)
(2179, 0.00036561176144517683)
(2180, 0.00036536341263933715)
(2181, 0.00036511486741414034)
(2182, 0.0003648661264001253)
(2183, 0.00036461719022798904)
(2184, 0.00036436805952858357)
(2185, 0.00036411873493291403)
(2186, 0.00036386921707213523)
(2187, 0.00036361950657754947)
(2188, 0.0003633696040806039)
(2189, 0.00036311951021288774)
(2190, 0.00036286922560612985)
(2191, 0.00036261875089219574)
(2192, 0.0003623680867030856)
(2193, 0.00036211723367093093)
(2194, 0.00036186619242799245)
(2195, 0.0003616149636066574)
(2196, 0.0003613635478394366)
(2197, 0.0003611119457589622)
(2198, 0.000360860157997985)
(2199, 0.0003606081851893716)
(2200, 0.00036035602796610224)
(2201, 0.00036010368696126757)
(2202, 0.0003598511628080666)
(2203, 0.0003595984561398039)
(2204, 0.0003593455675898868)
(2205, 0.000359092497791823)
(2206, 0.00035883924737921814)
(2207, 0.00035858581698577273)
(2208, 0.00035833220724527985)
(2209, 0.00035807841879162243)
(2210, 0.000357824452258771)
(2211, 0.00035757030828078055)
(2212, 0.00035731598749178824)
(2213, 0.0003570614905260108)
(2214, 0.0003568068180177419)
(2215, 0.0003565519706013496)
(2216, 0.00035629694891127365)
(2217, 0.00035604175358202293)
(2218, 0.000355786385248173)
(2219, 0.00035553084454436343)
(2220, 0.00035527513210529513)
(2221, 0.000355019248565728)
(2222, 0.0003547631945604779)
(2223, 0.00035450697072441457)
(2224, 0.00035425057769245894)
(2225, 0.00035399401609958016)
(2226, 0.0003537372865807937)
(2227, 0.00035348038977115804)
(2228, 0.00035322332630577277)
(2229, 0.0003529660968197755)
(2230, 0.00035270870194833965)
(2231, 0.00035245114232667176)
(2232, 0.0003521934185900086)
(2233, 0.00035193553137361535)
(2234, 0.00035167748131278233)
(2235, 0.00035141926904282275)
(2236, 0.00035116089519907035)
(2237, 0.00035090236041687624)
(2238, 0.00035064366533160696)
(2239, 0.0003503848105786416)
(2240, 0.0003501257967933695)
(2241, 0.0003498666246111875)
(2242, 0.00034960729466749693)
(2243, 0.00034934780759770243)
(2244, 0.00034908816403720786)
(2245, 0.00034882836462141485)
(2246, 0.00034856840998571964)
(2247, 0.0003483083007655108)
(2248, 0.00034804803759616674)
(2249, 0.0003477876211130531)
(2250, 0.00034752705195152005)
(2251, 0.0003472663307469)
(2252, 0.0003470054581345052)
(2253, 0.0003467444347496247)
(2254, 0.0003464832612275224)
(2255, 0.000346221938203434)
(2256, 0.00034596046631256503)
(2257, 0.00034569884619008786)
(2258, 0.0003454370784711394)
(2259, 0.00034517516379081866)
(2260, 0.000344913102784184)
(2261, 0.00034465089608625105)
(2262, 0.00034438854433198964)
(2263, 0.0003441260481563215)
(2264, 0.0003438634081941182)
(2265, 0.0003436006250801979)
(2266, 0.00034333769944932353)
(2267, 0.00034307463193619984)
(2268, 0.0003428114231754711)
(2269, 0.00034254807380171867)
(2270, 0.00034228458444945817)
(2271, 0.0003420209557531376)
(2272, 0.000341757188347134)
(2273, 0.000341493282865752)
(2274, 0.0003412292399432203)
(2275, 0.0003409650602136903)
(2276, 0.00034070074431123237)
(2277, 0.0003404362928698345)
(2278, 0.000340171706523399)
(2279, 0.00033990698590574074)
(2280, 0.00033964213165058407)
(2281, 0.0003393771443915607)
(2282, 0.0003391120247622072)
(2283, 0.00033884677339596236)
(2284, 0.0003385813909261651)
(2285, 0.0003383158779860516)
(2286, 0.00033805023520875303)
(2287, 0.0003377844632272932)
(2288, 0.000337518562674586)
(2289, 0.0003372525341834329)
(2290, 0.0003369863783865207)
(2291, 0.00033672009591641895)
(2292, 0.0003364536874055774)
(2293, 0.00033618715348632386)
(2294, 0.00033592049479086146)
(2295, 0.00033565371195126665)
(2296, 0.00033538680559948617)
(2297, 0.00033511977636733505)
(2298, 0.00033485262488649434)
(2299, 0.0003345853517885079)
(2300, 0.00033431795770478114)
(2301, 0.0003340504432665776)
(2302, 0.00033378280910501717)
(2303, 0.00033351505585107306)
(2304, 0.0003332471841355702)
(2305, 0.0003329791945891822)
(2306, 0.0003327110878424292)
(2307, 0.00033244286452567545)
(2308, 0.0003321745252691268)
(2309, 0.00033190607070282855)
(2310, 0.0003316375014566629)
(2311, 0.00033136881816034645)
(2312, 0.0003311000214434282)
(2313, 0.0003308311119352867)
(2314, 0.0003305620902651278)
(2315, 0.0003302929570619827)
(2316, 0.00033002371295470486)
(2317, 0.0003297543585719683)
(2318, 0.0003294848945422649)
(2319, 0.00032921532149390203)
(2320, 0.0003289456400550001)
(2321, 0.00032867585085349054)
(2322, 0.0003284059545171131)
(2323, 0.0003281359516734138)
(2324, 0.0003278658429497423)
(2325, 0.00032759562897324965)
(2326, 0.0003273253103708861)
(2327, 0.0003270548877693985)
(2328, 0.0003267843617953281)
(2329, 0.00032651373307500826)
(2330, 0.0003262430022345621)
(2331, 0.0003259721698999001)
(2332, 0.00032570123669671764)
(2333, 0.000325430203250493)
(2334, 0.0003251590701864851)
(2335, 0.0003248878381297303)
(2336, 0.0003246165077050416)
(2337, 0.0003243450795370049)
(2338, 0.0003240735542499774)
(2339, 0.0003238019324680852)
(2340, 0.00032353021481522105)
(2341, 0.00032325840191504176)
(2342, 0.00032298649439096636)
(2343, 0.00032271449286617326)
(2344, 0.0003224423979635986)
(2345, 0.00032217021030593335)
(2346, 0.00032189793051562145)
(2347, 0.0003216255592148573)
(2348, 0.0003213530970255835)
(2349, 0.0003210805445694889)
(2350, 0.00032080790246800576)
(2351, 0.00032053517134230796)
(2352, 0.0003202623518133084)
(2353, 0.0003199894445016573)
(2354, 0.00031971645002773903)
(2355, 0.00031944336901167076)
(2356, 0.00031917020207329963)
(2357, 0.0003188969498322007)
(2358, 0.0003186236129076749)
(2359, 0.00031835019191874626)
(2360, 0.00031807668748416024)
(2361, 0.00031780310022238114)
(2362, 0.0003175294307515902)
(2363, 0.00031725567968968286)
(2364, 0.00031698184765426696)
(2365, 0.0003167079352626603)
(2366, 0.0003164339431318888)
(2367, 0.0003161598718786837)
(2368, 0.0003158857221194798)
(2369, 0.0003156114944704129)
(2370, 0.0003153371895473181)
(2371, 0.0003150628079657271)
(2372, 0.0003147883503408662)
(2373, 0.00031451381728765405)
(2374, 0.0003142392094206997)
(2375, 0.00031396452735430006)
(2376, 0.0003136897717024381)
(2377, 0.00031341494307878003)
(2378, 0.00031314004209667386)
(2379, 0.000312865069369147)
(2380, 0.0003125900255089037)
(2381, 0.00031231491112832335)
(2382, 0.0003120397268394582)
(2383, 0.0003117644732540311)
(2384, 0.00031148915098343325)
(2385, 0.00031121376063872244)
(2386, 0.0003109383028306205)
(2387, 0.0003106627781695114)
(2388, 0.0003103871872654388)
(2389, 0.00031011153072810454)
(2390, 0.00030983580916686573)
(2391, 0.00030956002319073314)
(2392, 0.0003092841734083689)
(2393, 0.00030900826042808436)
(2394, 0.00030873228485783826)
(2395, 0.0003084562473052337)
(2396, 0.0003081801483775176)
(2397, 0.00030790398868157687)
(2398, 0.0003076277688239377)
(2399, 0.0003073514894107625)
(2400, 0.0003070751510478483)
(2401, 0.00030679875434062474)
(2402, 0.0003065222998941513)
(2403, 0.00030624578831311614)
(2404, 0.00030596922020183334)
(2405, 0.0003056925961642411)
(2406, 0.00030541591680389963)
(2407, 0.0003051391827239889)
(2408, 0.0003048623945273071)
(2409, 0.0003045855528162677)
(2410, 0.0003043086581928983)
(2411, 0.00030403171125883803)
(2412, 0.0003037547126153357)
(2413, 0.00030347766286324755)
(2414, 0.00030320056260303545)
(2415, 0.00030292341243476464)
(2416, 0.0003026462129581021)
(2417, 0.00030236896477231387)
(2418, 0.00030209166847626354)
(2419, 0.00030181432466841)
(2420, 0.0003015369339468058)
(2421, 0.0003012594969090941)
(2422, 0.00030098201415250814)
(2423, 0.000300704486273868)
(2424, 0.00030042691386957915)
(2425, 0.00030014929753563024)
(2426, 0.0002998716378675916)
(2427, 0.00029959393546061236)
(2428, 0.00029931619090941923)
(2429, 0.00029903840480831415)
(2430, 0.0002987605777511725)
(2431, 0.0002984827103314409)
(2432, 0.00029820480314213536)
(2433, 0.0002979268567758394)
(2434, 0.00029764887182470197)
(2435, 0.00029737084888043543)
(2436, 0.00029709278853431363)
(2437, 0.0002968146913771701)
(2438, 0.00029653655799939595)
(2439, 0.0002962583889909379)
(2440, 0.0002959801849412965)
(2441, 0.00029570194643952413)
(2442, 0.00029542367407422293)
(2443, 0.00029514536843354276)
(2444, 0.00029486703010518005)
(2445, 0.0002945886596763747)
(2446, 0.00029431025773390935)
(2447, 0.0002940318248641062)
(2448, 0.0002937533616528265)
(2449, 0.00029347486868546753)
(2450, 0.00029319634654696107)
(2451, 0.00029291779582177167)
(2452, 0.0002926392170938947)
(2453, 0.0002923606109468543)
(2454, 0.00029208197796370136)
(2455, 0.00029180331872701227)
(2456, 0.0002915246338188862)
(2457, 0.0002912459238209441)
(2458, 0.0002909671893143261)
(2459, 0.00029068843087968994)
(2460, 0.00029040964909720913)
(2461, 0.0002901308445465712)
(2462, 0.0002898520178069756)
(2463, 0.000289573169457132)
(2464, 0.00028929430007525837)
(2465, 0.00028901541023907925)
(2466, 0.00028873650052582396)
(2467, 0.0002884575715122243)
(2468, 0.00028817862377451364)
(2469, 0.000287899657888424)
(2470, 0.0002876206744291851)
(2471, 0.00028734167397152224)
(2472, 0.0002870626570896542)
(2473, 0.00028678362435729203)
(2474, 0.0002865045763476368)
(2475, 0.0002862255136333779)
(2476, 0.00028594643678669126)
(2477, 0.00028566734637923777)
(2478, 0.00028538824298216116)
(2479, 0.0002851091271660864)
(2480, 0.00028482999950111784)
(2481, 0.00028455086055683765)
(2482, 0.0002842717109023038)
(2483, 0.0002839925511060484)
(2484, 0.000283713381736076)
(2485, 0.0002834342033598618)
(2486, 0.00028315501654434976)
(2487, 0.00028287582185595106)
(2488, 0.0002825966198605423)
(2489, 0.00028231741112346386)
(2490, 0.0002820381962095177)
(2491, 0.0002817589756829663)
(2492, 0.0002814797501075306)
(2493, 0.0002812005200463882)
(2494, 0.0002809212860621717)
(2495, 0.00028064204871696726)
(2496, 0.0002803628085723126)
(2497, 0.0002800835661891953)
(2498, 0.00027980432212805116)
(2499, 0.00027952507694876277)
(2500, 0.0002792458312106573)
(2501, 0.00027896658547250534)
(2502, 0.0002786873402925188)
(2503, 0.0002784080962283495)
(2504, 0.0002781288538370875)
(2505, 0.0002778496136752594)
(2506, 0.0002775703762988264)
(2507, 0.000277291142263183)
(2508, 0.00027701191212315546)
(2509, 0.0002767326864329996)
(2510, 0.0002764534657463995)
(2511, 0.0002761742506164664)
(2512, 0.00027589504159573566)
(2513, 0.00027561583923616667)
(2514, 0.00027533664408914025)
(2515, 0.0002750574567054575)
(2516, 0.0002747782776353376)
(2517, 0.0002744991074284173)
(2518, 0.0002742199466337478)
(2519, 0.0002739407957997948)
(2520, 0.0002736616554744355)
(2521, 0.0002733825262049579)
(2522, 0.0002731034085380586)
(2523, 0.0002728243030198418)
(2524, 0.00027254521019581736)
(2525, 0.00027226613061089933)
(2526, 0.00027198706480940416)
(2527, 0.00027170801333504965)
(2528, 0.0002714289767309528)
(2529, 0.00027114995553962864)
(2530, 0.00027087095030298863)
(2531, 0.0002705919615623389)
(2532, 0.00027031298985837895)
(2533, 0.00027003403573120006)
(2534, 0.0002697550997202836)
(2535, 0.0002694761823644998)
(2536, 0.00026919728420210596)
(2537, 0.0002689184057707449)
(2538, 0.0002686395476074436)
(2539, 0.000268360710248612)
(2540, 0.00026808189423004064)
(2541, 0.00026780310008690003)
(2542, 0.0002675243283537387)
(2543, 0.0002672455795644819)
(2544, 0.0002669668542524297)
(2545, 0.0002666881529502563)
(2546, 0.00026640947619000757)
(2547, 0.0002661308245031007)
(2548, 0.00026585219842032153)
(2549, 0.00026557359847182414)
(2550, 0.00026529502518712867)
(2551, 0.0002650164790951202)
(2552, 0.00026473796072404727)
(2553, 0.00026445947060152046)
(2554, 0.00026418100925451084)
(2555, 0.00026390257720934846)
(2556, 0.00026362417499172116)
(2557, 0.0002633458031266732)
(2558, 0.00026306746213860334)
(2559, 0.00026278915255126414)
(2560, 0.00026251087488775976)
(2561, 0.00026223262967054535)
(2562, 0.000261954417421425)
(2563, 0.0002616762386615508)
(2564, 0.00026139809391142094)
(2565, 0.00026111998369087906)
(2566, 0.00026084190851911215)
(2567, 0.0002605638689146497)
(2568, 0.0002602858653953618)
(2569, 0.0002600078984784582)
(2570, 0.00025972996868048705)
(2571, 0.0002594520765173329)
(2572, 0.00025917422250421604)
(2573, 0.0002588964071556909)
(2574, 0.0002586186309856443)
(2575, 0.000258340894507295)
(2576, 0.00025806319823319136)
(2577, 0.00025778554267521093)
(2578, 0.0002575079283445583)
(2579, 0.0002572303557517646)
(2580, 0.0002569528254066853)
(2581, 0.0002566753378184996)
(2582, 0.000256397893495709)
(2583, 0.0002561204929461357)
(2584, 0.0002558431366769214)
(2585, 0.00025556582519452645)
(2586, 0.00025528855900472776)
(2587, 0.00025501133861261833)
(2588, 0.0002547341645226053)
(2589, 0.00025445703723840933)
(2590, 0.00025417995726306265)
(2591, 0.00025390292509890847)
(2592, 0.0002536259412475991)
(2593, 0.00025334900621009514)
(2594, 0.000253072120486664)
(2595, 0.0002527952845768788)
(2596, 0.0002525184989796171)
(2597, 0.0002522417641930595)
(2598, 0.0002519650807146886)
(2599, 0.00025168844904128784)
(2600, 0.00025141186966893994)
(2601, 0.0002511353430930261)
(2602, 0.00025085886980822454)
(2603, 0.0002505824503085093)
(2604, 0.0002503060850871492)
(2605, 0.0002500297746367064)
(2606, 0.0002497535194490355)
(2607, 0.00024947732001528213)
(2608, 0.00024920117682588174)
(2609, 0.00024892509037055874)
(2610, 0.0002486490611383249)
(2611, 0.00024837308961747867)
(2612, 0.00024809717629560346)
(2613, 0.00024782132165956705)
(2614, 0.00024754552619551994)
(2615, 0.0002472697903888944)
(2616, 0.0002469941147244036)
(2617, 0.00024671849968604026)
(2618, 0.000246442945757075)
(2619, 0.0002461674534200562)
(2620, 0.00024589202315680823)
(2621, 0.00024561665544843054)
(2622, 0.0002453413507752962)
(2623, 0.0002450661096170515)
(2624, 0.0002447909324526141)
(2625, 0.00024451581976017245)
(2626, 0.0002442407720171845)
(2627, 0.0002439657897003765)
(2628, 0.00024369087328574222)
(2629, 0.0002434160232485414)
(2630, 0.00024314124006329948)
(2631, 0.00024286652420380542)
(2632, 0.00024259187614311157)
(2633, 0.00024231729635353238)
(2634, 0.00024204278530664294)
(2635, 0.00024176834347327853)
(2636, 0.00024149397132353299)
(2637, 0.00024121966932675825)
(2638, 0.00024094543795156282)
(2639, 0.0002406712776658111)
(2640, 0.00024039718893662215)
(2641, 0.00024012317223036868)
(2642, 0.0002398492280126763)
(2643, 0.000239575356748422)
(2644, 0.00023930155890173368)
(2645, 0.00023902783493598884)
(2646, 0.00023875418531381368)
(2647, 0.00023848061049708204)
(2648, 0.00023820711094691462)
(2649, 0.00023793368712367758)
(2650, 0.00023766033948698212)
(2651, 0.00023738706849568298)
(2652, 0.000237113874607878)
(2653, 0.00023684075828090653)
(2654, 0.0002365677199713491)
(2655, 0.00023629476013502598)
(2656, 0.0002360218792269967)
(2657, 0.0002357490777015586)
(2658, 0.00023547635601224622)
(2659, 0.00023520371461183037)
(2660, 0.0002349311539523171)
(2661, 0.0002346586744849468)
(2662, 0.0002343862766601932)
(2663, 0.00023411396092776256)
(2664, 0.00023384172773659303)
(2665, 0.00023356957753485302)
(2666, 0.00023329751076994117)
(2667, 0.0002330255278884847)
(2668, 0.00023275362933633919)
(2669, 0.00023248181555858696)
(2670, 0.00023221008699953708)
(2671, 0.00023193844410272362)
(2672, 0.00023166688731090542)
(2673, 0.00023139541706606486)
(2674, 0.00023112403380940724)
(2675, 0.0002308527379813597)
(2676, 0.00023058153002157057)
(2677, 0.00023031041036890846)
(2678, 0.00023003937946146133)
(2679, 0.00022976843773653575)
(2680, 0.00022949758563065625)
(2681, 0.00022922682357956394)
(2682, 0.0002289561520182164)
(2683, 0.00022868557138078626)
(2684, 0.0002284150821006609)
(2685, 0.0002281446846104411)
(2686, 0.0002278743793419408)
(2687, 0.00022760416672618593)
(2688, 0.00022733404719341377)
(2689, 0.00022706402117307197)
(2690, 0.00022679408909381823)
(2691, 0.00022652425138351896)
(2692, 0.00022625450846924886)
(2693, 0.00022598486077729011)
(2694, 0.00022571530873313157)
(2695, 0.00022544585276146792)
(2696, 0.00022517649328619913)
(2697, 0.0002249072307304294)
(2698, 0.000224638065516467)
(2699, 0.00022436899806582271)
(2700, 0.00022410002879920984)
(2701, 0.000223831158136543)
(2702, 0.00022356238649693774)
(2703, 0.0002232937142987095)
(2704, 0.00022302514195937317)
(2705, 0.0002227566698956422)
(2706, 0.00022248829852342808)
(2707, 0.00022222002825783934)
(2708, 0.0002219518595131814)
(2709, 0.0002216837927029551)
(2710, 0.00022141582823985686)
(2711, 0.00022114796653577724)
(2712, 0.00022088020800180094)
(2713, 0.00022061255304820556)
(2714, 0.00022034500208446145)
(2715, 0.0002200775555192304)
(2716, 0.0002198102137603659)
(2717, 0.00021954297721491148)
(2718, 0.00021927584628910092)
(2719, 0.000219008821388357)
(2720, 0.00021874190291729136)
(2721, 0.00021847509127970324)
(2722, 0.00021820838687857975)
(2723, 0.00021794179011609422)
(2724, 0.00021767530139360662)
(2725, 0.00021740892111166195)
(2726, 0.00021714264966999052)
(2727, 0.00021687648746750662)
(2728, 0.0002166104349023085)
(2729, 0.00021634449237167743)
(2730, 0.00021607866027207727)
(2731, 0.00021581293899915367)
(2732, 0.0002155473289477339)
(2733, 0.00021528183051182582)
(2734, 0.0002150164440846178)
(2735, 0.00021475117005847748)
(2736, 0.00021448600882495214)
(2737, 0.0002142209607747671)
(2738, 0.00021395602629782618)
(2739, 0.00021369120578321028)
(2740, 0.0002134264996191775)
(2741, 0.0002131619081931622)
(2742, 0.00021289743189177476)
(2743, 0.00021263307110080073)
(2744, 0.00021236882620520074)
(2745, 0.00021210469758910948)
(2746, 0.00021184068563583568)
(2747, 0.00021157679072786114)
(2748, 0.00021131301324684075)
(2749, 0.0002110493535736014)
(2750, 0.00021078581208814208)
(2751, 0.000210522389169633)
(2752, 0.0002102590851964151)
(2753, 0.00020999590054599998)
(2754, 0.00020973283559506888)
(2755, 0.00020946989071947265)
(2756, 0.00020920706629423106)
(2757, 0.00020894436269353235)
(2758, 0.00020868178029073294)
(2759, 0.0002084193194583568)
(2760, 0.00020815698056809496)
(2761, 0.00020789476399080554)
(2762, 0.00020763267009651256)
(2763, 0.00020737069925440624)
(2764, 0.00020710885183284199)
(2765, 0.00020684712819934046)
(2766, 0.00020658552872058678)
(2767, 0.00020632405376243038)
(2768, 0.00020606270368988443)
(2769, 0.0002058014788671256)
(2770, 0.00020554037965749334)
(2771, 0.00020527940642349005)
(2772, 0.00020501855952677998)
(2773, 0.0002047578393281896)
(2774, 0.00020449724618770652)
(2775, 0.00020423678046447972)
(2776, 0.00020397644251681873)
(2777, 0.00020371623270219348)
(2778, 0.00020345615137723393)
(2779, 0.00020319619889772975)
(2780, 0.00020293637561862968)
(2781, 0.00020267668189404177)
(2782, 0.00020241711807723238)
(2783, 0.00020215768452062636)
(2784, 0.00020189838157580632)
(2785, 0.00020163920959351272)
(2786, 0.00020138016892364309)
(2787, 0.0002011212599152521)
(2788, 0.00020086248291655102)
(2789, 0.00020060383827490768)
(2790, 0.00020034532633684556)
(2791, 0.00020008694744804432)
(2792, 0.0001998287019533389)
(2793, 0.00019957059019671947)
(2794, 0.00019931261252133098)
(2795, 0.00019905476926947326)
(2796, 0.0001987970607826001)
(2797, 0.00019853948740131976)
(2798, 0.00019828204946539395)
(2799, 0.00019802474731373828)
(2800, 0.0001977675812844213)
(2801, 0.00019751055171466486)
(2802, 0.00019725365894084334)
(2803, 0.00019699690329848398)
(2804, 0.00019674028512226596)
(2805, 0.00019648380474602092)
(2806, 0.0001962274625027319)
(2807, 0.000195971258724534)
(2808, 0.0001957151937427133)
(2809, 0.00019545926788770736)
(2810, 0.00019520348148910455)
(2811, 0.00019494783487564407)
(2812, 0.0001946923283752156)
(2813, 0.0001944369623148592)
(2814, 0.00019418173702076517)
(2815, 0.00019392665281827375)
(2816, 0.00019367171003187474)
(2817, 0.00019341690898520792)
(2818, 0.00019316225000106226)
(2819, 0.0001929077334013761)
(2820, 0.0001926533595072367)
(2821, 0.00019239912863888058)
(2822, 0.00019214504111569262)
(2823, 0.00019189109725620667)
(2824, 0.00019163729737810482)
(2825, 0.00019138364179821762)
(2826, 0.0001911301308325238)
(2827, 0.00019087676479615)
(2828, 0.00019062354400337095)
(2829, 0.00019037046876760918)
(2830, 0.00019011753940143466)
(2831, 0.00018986475621656515)
(2832, 0.0001896121195238658)
(2833, 0.00018935962963334896)
(2834, 0.00018910728685417436)
(2835, 0.00018885509149464878)
(2836, 0.00018860304386222608)
(2837, 0.00018835114426350702)
(2838, 0.00018809939300423913)
(2839, 0.0001878477903893169)
(2840, 0.0001875963367227813)
(2841, 0.00018734503230782016)
(2842, 0.00018709387744676758)
(2843, 0.00018684287244110436)
(2844, 0.00018659201759145755)
(2845, 0.00018634131319760074)
(2846, 0.00018609075955845365)
(2847, 0.00018584035697208245)
(2848, 0.00018559010573569935)
(2849, 0.00018534000614566285)
(2850, 0.00018509005849747756)
(2851, 0.00018484026308579425)
(2852, 0.00018459062020440969)
(2853, 0.00018434113014626684)
(2854, 0.00018409179320345458)
(2855, 0.00018384260966720786)
(2856, 0.00018359357982790776)
(2857, 0.00018334470397508127)
(2858, 0.0001830959823974014)
(2859, 0.0001828474153826873)
(2860, 0.00018259900321790398)
(2861, 0.00018235074618916267)
(2862, 0.00018210264458172048)
(2863, 0.00018185469867998082)
(2864, 0.000181606908767493)
(2865, 0.00018135927512695266)
(2866, 0.00018111179804020135)
(2867, 0.00018086447778822715)
(2868, 0.00018061731465116414)
(2869, 0.00018037030890829275)
(2870, 0.00018012346083803984)
(2871, 0.00017987677071797873)
(2872, 0.0001796302388248288)
(2873, 0.00017938386543445652)
(2874, 0.0001791376508218745)
(2875, 0.0001788915952612423)
(2876, 0.00017864569902586595)
(2877, 0.00017839996238819858)
(2878, 0.00017815438561984)
(2879, 0.00017790896899153708)
(2880, 0.00017766371277318387)
(2881, 0.00017741861723382133)
(2882, 0.00017717368264163807)
(2883, 0.00017692890926396967)
(2884, 0.00017668429736729957)
(2885, 0.00017643984721725858)
(2886, 0.00017619555907862528)
(2887, 0.00017595143321532606)
(2888, 0.00017570746989043542)
(2889, 0.00017546366936617574)
(2890, 0.00017522003190391784)
(2891, 0.00017497655776418063)
(2892, 0.00017473324720663184)
(2893, 0.00017449010049008754)
(2894, 0.00017424711787251295)
(2895, 0.00017400429961102182)
(2896, 0.0001737616459618774)
(2897, 0.00017351915718049192)
(2898, 0.0001732768335214273)
(2899, 0.0001730346752383948)
(2900, 0.00017279268258425565)
(2901, 0.0001725508558110209)
(2902, 0.00017230919516985198)
(2903, 0.00017206770091106023)
(2904, 0.000171826373284108)
(2905, 0.00017158521253760788)
(2906, 0.00017134421891932373)
(2907, 0.0001711033926761702)
(2908, 0.00017086273405421358)
(2909, 0.00017062224329867138)
(2910, 0.000170381920653913)
(2911, 0.00017014176636345976)
(2912, 0.00016990178066998525)
(2913, 0.00016966196381531514)
(2914, 0.0001694223160404281)
(2915, 0.00016918283758545543)
(2916, 0.00016894352868968162)
(2917, 0.0001687043895915444)
(2918, 0.00016846542052863526)
(2919, 0.00016822662173769927)
(2920, 0.0001679879934546358)
(2921, 0.0001677495359144984)
(2922, 0.0001675112493514953)
(2923, 0.00016727313399898957)
(2924, 0.00016703519008949948)
(2925, 0.0001667974178546985)
(2926, 0.000166559817525416)
(2927, 0.00016632238933163708)
(2928, 0.0001660851335025034)
(2929, 0.00016584805026631272)
(2930, 0.00016561113985052005)
(2931, 0.00016537440248173713)
(2932, 0.00016513783838573333)
(2933, 0.00016490144778743564)
(2934, 0.00016466523091092928)
(2935, 0.00016442918797945737)
(2936, 0.00016419331921542198)
(2937, 0.00016395762484038413)
(2938, 0.00016372210507506406)
(2939, 0.00016348676013934154)
(2940, 0.00016325159025225633)
(2941, 0.00016301659563200838)
(2942, 0.00016278177649595851)
(2943, 0.00016254713306062816)
(2944, 0.0001623126655417001)
(2945, 0.00016207837415401882)
(2946, 0.00016184425911159082)
(2947, 0.00016161032062758478)
(2948, 0.00016137655891433224)
(2949, 0.0001611429741833276)
(2950, 0.00016090956664522885)
(2951, 0.00016067633650985766)
(2952, 0.0001604432839861999)
(2953, 0.000160210409282406)
(2954, 0.00015997771260579127)
(2955, 0.00015974519416283616)
(2956, 0.0001595128541591871)
(2957, 0.0001592806927996564)
(2958, 0.000159048710288223)
(2959, 0.00015881690682803236)
(2960, 0.0001585852826213977)
(2961, 0.00015835383786979944)
(2962, 0.00015812257277388641)
(2963, 0.00015789148753347579)
(2964, 0.0001576605823475537)
(2965, 0.00015742985741427554)
(2966, 0.0001571993129309666)
(2967, 0.00015696894909412217)
(2968, 0.00015673876609940824)
(2969, 0.00015650876414166184)
(2970, 0.00015627894341489152)
(2971, 0.0001560493041122776)
(2972, 0.0001558198464261729)
(2973, 0.00015559057054810295)
(2974, 0.00015536147666876668)
(2975, 0.00015513256497803662)
(2976, 0.0001549038356649595)
(2977, 0.0001546752889177566)
(2978, 0.0001544469249238245)
(2979, 0.0001542187438697351)
(2980, 0.00015399074594123658)
(2981, 0.00015376293132325332)
(2982, 0.00015353530019988714)
(2983, 0.00015330785275441685)
(2984, 0.00015308058916929957)
(2985, 0.00015285350962617063)
(2986, 0.00015262661430584447)
(2987, 0.00015239990338831487)
(2988, 0.00015217337705275558)
(2989, 0.00015194703547752073)
(2990, 0.00015172087884014545)
(2991, 0.00015149490731734624)
(2992, 0.0001512691210850217)
(2993, 0.00015104352031825266)
(2994, 0.00015081810519130325)
(2995, 0.00015059287587762082)
(2996, 0.00015036783254983706)
(2997, 0.0001501429753797679)
(2998, 0.00014991830453841464)
(2999, 0.00014969382019596408)
(3000, 0.00014946952252178927)
